FUNIT: Hz
UNIT: dB
1.000000e+07 [-0.11, -55.41] [0.09, -54.41] [0.29, -53.41]
1.038189e+07 [-0.21, -59.93] [-0.01, -58.93] [0.19, -57.93]
1.077836e+07 [-0.58, -62.78] [-0.38, -61.78] [-0.18, -60.78]
1.118997e+07 [-0.18, -68.56] [0.02, -67.56] [0.22, -66.56]
1.161731e+07 [-0.85, -66.05] [-0.65, -65.05] [-0.45, -64.05]
1.206096e+07 [-0.87, -71.81] [-0.67, -70.81] [-0.47, -69.81]
1.252155e+07 [-0.99, -73.09] [-0.79, -72.09] [-0.59, -71.09]
1.299974e+07 [-0.39, -73.90] [-0.19, -72.90] [0.01, -71.90]
1.349618e+07 [-0.13, -77.73] [0.07, -76.73] [0.27, -75.73]
1.401158e+07 [-1.07, -83.10] [-0.87, -82.10] [-0.67, -81.10]
1.454667e+07 [-0.70, -84.51] [-0.50, -83.51] [-0.30, -82.51]
1.510219e+07 [-0.28, -89.60] [-0.08, -88.60] [0.12, -87.60]
1.567893e+07 [-0.31, -89.97] [-0.11, -88.97] [0.09, -87.97]
1.627769e+07 [-0.41, -92.49] [-0.21, -91.49] [-0.01, -90.49]
1.689931e+07 [-0.08, -95.19] [0.12, -94.19] [0.32, -93.19]
1.754468e+07 [-0.25, -101.80] [-0.05, -100.80] [0.15, -99.80]
1.821469e+07 [-0.03, -105.09] [0.17, -104.09] [0.37, -103.09]
1.891029e+07 [-0.36, -109.51] [-0.16, -108.51] [0.04, -107.51]
1.963245e+07 [-0.47, -113.13] [-0.27, -112.13] [-0.07, -111.13]
2.038219e+07 [-0.36, -117.86] [-0.16, -116.86] [0.04, -115.86]
2.116056e+07 [-0.24, -121.56] [-0.04, -120.56] [0.16, -119.56]
2.196866e+07 [-0.39, -128.38] [-0.19, -127.38] [0.01, -126.38]
2.280762e+07 [-0.66, -131.57] [-0.46, -130.57] [-0.26, -129.57]
2.367862e+07 [-0.46, -137.08] [-0.26, -136.08] [-0.06, -135.08]
2.458288e+07 [-0.22, -141.06] [-0.02, -140.06] [0.18, -139.06]
2.552167e+07 [-0.09, -146.86] [0.11, -145.86] [0.31, -144.86]
2.649631e+07 [-0.49, -153.40] [-0.29, -152.40] [-0.09, -151.40]
2.750818e+07 [-0.46, -158.24] [-0.26, -157.24] [-0.06, -156.24]
2.855868e+07 [-0.38, -165.11] [-0.18, -164.11] [0.02, -163.11]
2.964930e+07 [-0.50, -170.33] [-0.30, -169.33] [-0.10, -168.33]
3.078158e+07 [-0.59, -176.73] [-0.39, -175.73] [-0.19, -174.73]
3.195709e+07 [-0.37, 175.40] [-0.17, 176.40] [0.03, 177.40]
3.317750e+07 [-0.30, 168.65] [-0.10, 169.65] [0.10, 170.65]
3.444451e+07 [-0.40, 162.69] [-0.20, 163.69] [-0.00, 164.69]
3.575990e+07 [-0.25, 155.55] [-0.05, 156.55] [0.15, 157.55]
3.712553e+07 [-0.40, 147.38] [-0.20, 148.38] [-0.00, 149.38]
3.854331e+07 [-0.35, 137.74] [-0.15, 138.74] [0.05, 139.74]
4.001524e+07 [-0.53, 131.01] [-0.33, 132.01] [-0.13, 133.01]
4.154338e+07 [-0.53, 121.43] [-0.33, 122.43] [-0.13, 123.43]
4.312987e+07 [-0.52, 113.56] [-0.32, 114.56] [-0.12, 115.56]
4.477695e+07 [-0.51, 104.33] [-0.31, 105.33] [-0.11, 106.33]
4.648693e+07 [-0.40, 93.72] [-0.20, 94.72] [-0.00, 95.72]
4.826221e+07 [-0.54, 83.33] [-0.34, 84.33] [-0.14, 85.33]
5.010529e+07 [-0.68, 73.06] [-0.48, 74.06] [-0.28, 75.06]
5.201875e+07 [-0.33, 62.74] [-0.13, 63.74] [0.07, 64.74]
5.400529e+07 [-0.43, 51.40] [-0.23, 52.40] [-0.03, 53.40]
5.606769e+07 [-0.48, 38.90] [-0.28, 39.90] [-0.08, 40.90]
5.820885e+07 [-0.44, 26.45] [-0.24, 27.45] [-0.04, 28.45]
6.043178e+07 [-0.40, 14.17] [-0.20, 15.17] [-0.00, 16.17]
6.273960e+07 [-0.53, 1.85] [-0.33, 2.85] [-0.13, 3.85]
6.513556e+07 [-0.37, -11.83] [-0.17, -10.83] [0.03, -9.83]
6.762301e+07 [-0.51, -25.69] [-0.31, -24.69] [-0.11, -23.69]
7.020545e+07 [-0.48, -41.04] [-0.28, -40.04] [-0.08, -39.04]
7.288652e+07 [-0.48, -55.83] [-0.28, -54.83] [-0.08, -53.83]
7.566997e+07 [-0.58, -72.02] [-0.38, -71.02] [-0.18, -70.02]
7.855972e+07 [-0.47, -88.09] [-0.27, -87.09] [-0.07, -86.09]
8.155983e+07 [-0.54, -105.50] [-0.34, -104.50] [-0.14, -103.50]
8.467450e+07 [-0.51, -123.01] [-0.31, -122.01] [-0.11, -121.01]
8.790813e+07 [-0.52, -141.83] [-0.32, -140.83] [-0.12, -139.83]
9.126524e+07 [-0.54, -160.47] [-0.34, -159.47] [-0.14, -158.47]
9.475055e+07 [-0.49, -179.98] [-0.29, -178.98] [-0.09, -177.98]
9.836897e+07 [-0.58, 159.18] [-0.38, 160.18] [-0.18, 161.18]
1.021256e+08 [-0.57, 137.97] [-0.37, 138.97] [-0.17, 139.97]
1.060256e+08 [-0.58, 116.18] [-0.38, 117.18] [-0.18, 118.18]
1.100746e+08 [-0.60, 92.62] [-0.40, 93.62] [-0.20, 94.62]
1.142782e+08 [-0.59, 68.62] [-0.39, 69.62] [-0.19, 70.62]
1.186424e+08 [-0.64, 44.30] [-0.44, 45.30] [-0.24, 46.30]
1.231732e+08 [-0.66, 18.79] [-0.46, 19.79] [-0.26, 20.79]
1.278771e+08 [-0.65, -8.35] [-0.45, -7.35] [-0.25, -6.35]
1.327605e+08 [-0.59, -35.95] [-0.39, -34.95] [-0.19, -33.95]
1.378305e+08 [-0.62, -64.89] [-0.42, -63.89] [-0.22, -62.89]
1.430941e+08 [-0.64, -94.73] [-0.44, -93.73] [-0.24, -92.73]
1.485587e+08 [-0.60, -125.68] [-0.40, -124.68] [-0.20, -123.68]
1.542320e+08 [-0.63, -157.88] [-0.43, -156.88] [-0.23, -155.88]
1.601219e+08 [-0.63, 168.50] [-0.43, 169.50] [-0.23, 170.50]
1.662368e+08 [-0.65, 133.94] [-0.45, 134.94] [-0.25, 135.94]
1.725852e+08 [-0.69, 97.75] [-0.49, 98.75] [-0.29, 99.75]
1.791760e+08 [-0.71, 60.33] [-0.51, 61.33] [-0.31, 62.33]
1.860186e+08 [-0.71, 21.42] [-0.51, 22.42] [-0.31, 23.42]
1.931224e+08 [-0.71, -18.71] [-0.51, -17.71] [-0.31, -16.71]
2.004975e+08 [-0.74, -60.66] [-0.54, -59.66] [-0.34, -58.66]
2.081543e+08 [-0.68, -104.26] [-0.48, -103.26] [-0.28, -102.26]
2.161035e+08 [-0.75, -148.97] [-0.55, -147.97] [-0.35, -146.97]
2.243562e+08 [-0.76, 164.03] [-0.56, 165.03] [-0.36, 166.03]
2.329241e+08 [-0.77, 115.62] [-0.57, 116.62] [-0.37, 117.62]
2.418192e+08 [-0.78, 64.93] [-0.58, 65.93] [-0.38, 66.93]
2.510540e+08 [-0.77, 12.72] [-0.57, 13.72] [-0.37, 14.72]
2.606415e+08 [-0.80, -41.61] [-0.60, -40.61] [-0.40, -39.61]
2.705951e+08 [-0.79, -98.26] [-0.59, -97.26] [-0.39, -96.26]
2.809288e+08 [-0.80, -156.84] [-0.60, -155.84] [-0.40, -154.84]
2.916571e+08 [-0.82, 142.27] [-0.62, 143.27] [-0.42, 144.27]
3.027952e+08 [-0.83, 79.10] [-0.63, 80.10] [-0.43, 81.10]
3.143586e+08 [-0.85, 13.64] [-0.65, 14.64] [-0.45, 15.64]
3.263636e+08 [-0.85, -54.51] [-0.65, -53.51] [-0.45, -52.51]
3.388271e+08 [-0.88, -125.21] [-0.68, -124.21] [-0.48, -123.21]
3.517665e+08 [-0.89, 161.25] [-0.69, 162.25] [-0.49, 163.25]
3.652000e+08 [-0.91, 85.09] [-0.71, 86.09] [-0.51, 87.09]
3.791466e+08 [-0.92, 5.99] [-0.72, 6.99] [-0.52, 7.99]
3.936258e+08 [-0.92, -76.06] [-0.72, -75.06] [-0.52, -74.06]
4.086579e+08 [-0.92, -161.58] [-0.72, -160.58] [-0.52, -159.58]
4.242641e+08 [-0.95, 109.95] [-0.75, 110.95] [-0.55, 111.95]
4.404662e+08 [-0.98, 18.10] [-0.78, 19.10] [-0.58, 20.10]
4.572871e+08 [-0.99, -77.32] [-0.79, -76.32] [-0.59, -75.32]
4.747504e+08 [-1.01, -176.29] [-0.81, -175.29] [-0.61, -174.29]
4.928806e+08 [-1.02, 80.93] [-0.82, 81.93] [-0.62, 82.93]
5.117031e+08 [-1.05, -25.93] [-0.85, -24.93] [-0.65, -23.93]
5.312445e+08 [-1.05, -136.76] [-0.85, -135.76] [-0.65, -134.76]
5.515321e+08 [-1.08, 108.16] [-0.88, 109.16] [-0.68, 110.16]
5.725945e+08 [-1.09, -11.22] [-0.89, -10.22] [-0.69, -9.22]
5.944612e+08 [-1.12, -135.22] [-0.92, -134.22] [-0.72, -133.22]
6.171630e+08 [-1.12, 96.06] [-0.92, 97.06] [-0.72, 98.06]
6.407317e+08 [-1.15, -37.63] [-0.95, -36.63] [-0.75, -35.63]
6.652006e+08 [-1.17, -176.30] [-0.97, -175.30] [-0.77, -174.30]
6.906038e+08 [-1.18, 39.61] [-0.98, 40.61] [-0.78, 41.61]
7.169772e+08 [-1.20, -109.91] [-1.00, -108.91] [-0.80, -107.91]
7.443577e+08 [-1.23, 94.79] [-1.03, 95.79] [-0.83, 96.79]
7.727839e+08 [-1.25, -66.38] [-1.05, -65.38] [-0.85, -64.38]
8.022956e+08 [-1.26, 126.31] [-1.06, 127.31] [-0.86, 128.31]
8.329344e+08 [-1.28, -47.43] [-1.08, -46.43] [-0.88, -45.43]
8.647432e+08 [-1.32, 132.25] [-1.12, 133.25] [-0.92, 134.25]
8.977667e+08 [-1.33, -55.05] [-1.13, -54.05] [-0.93, -53.05]
9.320514e+08 [-1.36, 110.59] [-1.16, 111.59] [-0.96, 112.59]
9.676454e+08 [-1.37, -91.18] [-1.17, -90.18] [-0.97, -89.18]
1.004599e+09 [-1.40, 59.26] [-1.20, 60.26] [-1.00, 61.26]
1.042963e+09 [-1.42, -158.22] [-1.22, -157.22] [-1.02, -156.22]
1.082793e+09 [-1.45, -24.04] [-1.25, -23.04] [-1.05, -22.04]
1.124143e+09 [-1.47, 101.47] [-1.27, 102.47] [-1.07, 103.47]
1.167073e+09 [-1.49, -141.84] [-1.29, -140.84] [-1.09, -139.84]
1.211642e+09 [-1.53, -34.56] [-1.33, -33.56] [-1.13, -32.56]
1.257913e+09 [-1.55, 63.14] [-1.35, 64.14] [-1.15, 65.14]
1.305952e+09 [-1.57, 150.78] [-1.37, 151.78] [-1.17, 152.78]
1.355825e+09 [-1.61, -131.97] [-1.41, -130.97] [-1.21, -129.97]
1.407602e+09 [-1.63, -65.50] [-1.43, -64.50] [-1.23, -63.50]
1.461357e+09 [-1.66, -10.16] [-1.46, -9.16] [-1.26, -8.16]
1.517164e+09 [-1.70, 33.45] [-1.50, 34.45] [-1.30, 35.45]
1.575103e+09 [-1.72, 64.93] [-1.52, 65.93] [-1.32, 66.93]
1.635254e+09 [-1.76, 84.00] [-1.56, 85.00] [-1.36, 86.00]
1.697703e+09 [-1.79, 89.99] [-1.59, 90.99] [-1.39, 91.99]
1.762536e+09 [-1.82, 82.51] [-1.62, 83.51] [-1.42, 84.51]
1.829845e+09 [-1.86, 60.93] [-1.66, 61.93] [-1.46, 62.93]
1.899725e+09 [-1.89, 24.80] [-1.69, 25.80] [-1.49, 26.80]
1.972273e+09 [-1.93, -26.47] [-1.73, -25.47] [-1.53, -24.47]
2.047592e+09 [-1.96, -93.42] [-1.76, -92.42] [-1.56, -91.42]
2.125787e+09 [-2.00, -176.64] [-1.80, -175.64] [-1.60, -174.64]
2.206969e+09 [-2.04, 83.23] [-1.84, 84.23] [-1.64, 85.23]
2.291250e+09 [-2.09, -34.48] [-1.89, -33.48] [-1.69, -32.48]
2.378751e+09 [-2.12, -170.38] [-1.92, -169.38] [-1.72, -168.38]
2.469592e+09 [-2.15, 34.57] [-1.95, 35.57] [-1.75, 36.57]
2.563903e+09 [-2.22, -140.09] [-2.02, -139.09] [-1.82, -138.09]
2.661816e+09 [-2.26, 25.09] [-2.06, 26.09] [-1.86, 27.09]
2.763468e+09 [-2.27, 168.91] [-2.07, 169.91] [-1.87, 170.91]
2.869001e+09 [-2.38, -69.39] [-2.18, -68.39] [-1.98, -67.39]
2.978565e+09 [-2.39, 30.15] [-2.19, 31.15] [-1.99, 32.15]
3.092313e+09 [-2.41, 105.04] [-2.21, 106.04] [-2.01, 107.04]
3.210405e+09 [-2.46, 155.81] [-2.26, 156.81] [-2.06, 157.81]
3.333007e+09 [-2.50, -179.02] [-2.30, -178.02] [-2.10, -177.02]
3.460290e+09 [-2.55, -180.61] [-2.35, -179.61] [-2.15, -178.61]
3.592435e+09 [-2.58, 150.57] [-2.38, 151.57] [-2.18, 152.57]
3.729626e+09 [-2.61, 92.82] [-2.41, 93.82] [-2.21, 94.82]
3.872056e+09 [-2.69, 5.68] [-2.49, 6.68] [-2.29, 7.68]
4.019925e+09 [-2.73, -112.57] [-2.53, -111.57] [-2.33, -110.57]
4.173442e+09 [-2.79, 97.52] [-2.59, 98.52] [-2.39, 99.52]
4.332821e+09 [-2.85, -86.39] [-2.65, -85.39] [-2.45, -84.39]
4.498286e+09 [-2.89, 56.17] [-2.69, 57.17] [-2.49, 58.17]
4.670071e+09 [-3.10, 162.95] [-2.90, 163.95] [-2.70, 164.95]
4.848415e+09 [-3.03, -128.60] [-2.83, -127.60] [-2.63, -126.60]
5.033571e+09 [-3.08, -97.71] [-2.88, -96.71] [-2.68, -95.71]
5.225797e+09 [-3.14, -107.10] [-2.94, -106.10] [-2.74, -105.10]
5.425364e+09 [-3.22, -158.62] [-3.02, -157.62] [-2.82, -156.62]
5.632553e+09 [-3.28, 106.80] [-3.08, 107.80] [-2.88, 108.80]
5.847653e+09 [-3.32, -32.04] [-3.12, -31.04] [-2.92, -30.04]
6.070969e+09 [-3.42, 142.37] [-3.22, 143.37] [-3.02, 144.37]
6.302812e+09 [-3.53, -92.44] [-3.33, -91.44] [-3.13, -90.44]
6.543509e+09 [-3.68, -16.50] [-3.48, -15.50] [-3.28, -14.50]
6.793398e+09 [-3.73, 6.83] [-3.53, 7.83] [-3.33, 8.83]
7.052830e+09 [-3.91, -23.73] [-3.71, -22.73] [-3.51, -21.73]
7.322170e+09 [-4.12, -109.99] [-3.92, -108.99] [-3.72, -107.99]
7.601795e+09 [-4.22, 106.48] [-4.02, 107.48] [-3.82, 108.48]
7.892099e+09 [-4.28, -98.47] [-4.08, -97.47] [-3.88, -96.47]
8.193489e+09 [-4.23, -7.20] [-4.03, -6.20] [-3.83, -5.20]
8.506389e+09 [-4.20, 18.99] [-4.00, 19.99] [-3.80, 20.99]
8.831239e+09 [-4.19, -23.87] [-3.99, -22.87] [-3.79, -21.87]
9.168493e+09 [-4.40, -136.47] [-4.20, -135.47] [-4.00, -134.47]
9.518628e+09 [-4.47, 38.91] [-4.27, 39.91] [-4.07, 40.91]
9.882133e+09 [-4.68, 139.51] [-4.48, 140.51] [-4.28, 141.51]
1.025952e+10 [-4.72, 158.69] [-4.52, 159.69] [-4.32, 160.69]
1.065132e+10 [-5.08, 97.48] [-4.88, 98.48] [-4.68, 99.48]
1.105808e+10 [-5.30, -47.34] [-5.10, -46.34] [-4.90, -45.34]
1.148038e+10 [-5.27, 79.58] [-5.07, 80.58] [-4.87, 81.58]
1.191880e+10 [-5.58, 111.51] [-5.38, 112.51] [-5.18, 113.51]
1.237396e+10 [-5.29, 51.09] [-5.09, 52.09] [-4.89, 53.09]
1.284651e+10 [-5.49, -109.59] [-5.29, -108.59] [-5.09, -107.59]
1.333711e+10 [-5.73, -12.49] [-5.53, -11.49] [-5.33, -10.49]
1.384643e+10 [-5.76, -22.48] [-5.56, -21.48] [-5.36, -20.48]
1.437521e+10 [-5.79, -142.85] [-5.59, -141.85] [-5.39, -140.85]
1.492419e+10 [-6.02, -19.59] [-5.82, -18.59] [-5.62, -17.59]
1.549412e+10 [-6.41, -12.18] [-6.21, -11.18] [-6.01, -10.18]
1.608583e+10 [-6.54, -131.02] [-6.34, -130.02] [-6.14, -129.02]
1.670013e+10 [-6.52, -22.35] [-6.32, -21.35] [-6.12, -20.35]
1.733789e+10 [-7.51, -47.43] [-7.31, -46.43] [-7.11, -45.43]
1.800000e+10 [-7.72, 150.26] [-7.52, 151.26] [-7.32, 152.26]
