FUNIT: Hz
UNIT: dB
1.000000e+07 [-62.20, 70.48] [-62.00, 71.48] [-61.80, 72.48]
1.038189e+07 [-66.25, 36.66] [-66.05, 37.66] [-65.85, 38.66]
1.077836e+07 [-65.02, 102.44] [-64.82, 103.44] [-64.62, 104.44]
1.118997e+07 [-60.99, 79.56] [-60.79, 80.56] [-60.59, 81.56]
1.161731e+07 [-73.47, 76.94] [-73.27, 77.94] [-73.07, 78.94]
1.206096e+07 [-70.72, -10.58] [-70.52, -9.58] [-70.32, -8.58]
1.252155e+07 [-62.00, 64.99] [-61.80, 65.99] [-61.60, 66.99]
1.299974e+07 [-60.93, 76.88] [-60.73, 77.88] [-60.53, 78.88]
1.349618e+07 [-60.62, 67.91] [-60.42, 68.91] [-60.22, 69.91]
1.401158e+07 [-63.47, 86.48] [-63.27, 87.48] [-63.07, 88.48]
1.454667e+07 [-59.85, 82.73] [-59.65, 83.73] [-59.45, 84.73]
1.510219e+07 [-60.42, 48.20] [-60.22, 49.20] [-60.02, 50.20]
1.567893e+07 [-58.40, 65.19] [-58.20, 66.19] [-58.00, 67.19]
1.627769e+07 [-59.90, 42.27] [-59.70, 43.27] [-59.50, 44.27]
1.689931e+07 [-60.52, 48.05] [-60.32, 49.05] [-60.12, 50.05]
1.754468e+07 [-60.36, 31.89] [-60.16, 32.89] [-59.96, 33.89]
1.821469e+07 [-57.36, 44.02] [-57.16, 45.02] [-56.96, 46.02]
1.891029e+07 [-56.50, 40.95] [-56.30, 41.95] [-56.10, 42.95]
1.963245e+07 [-59.43, 45.36] [-59.23, 46.36] [-59.03, 47.36]
2.038219e+07 [-55.31, 34.41] [-55.11, 35.41] [-54.91, 36.41]
2.116056e+07 [-55.97, 28.61] [-55.77, 29.61] [-55.57, 30.61]
2.196866e+07 [-56.41, 14.84] [-56.21, 15.84] [-56.01, 16.84]
2.280762e+07 [-56.41, 16.89] [-56.21, 17.89] [-56.01, 18.89]
2.367862e+07 [-54.19, 7.13] [-53.99, 8.13] [-53.79, 9.13]
2.458288e+07 [-54.85, -2.34] [-54.65, -1.34] [-54.45, -0.34]
2.552167e+07 [-53.61, -17.97] [-53.41, -16.97] [-53.21, -15.97]
2.649631e+07 [-53.61, -12.61] [-53.41, -11.61] [-53.21, -10.61]
2.750818e+07 [-53.97, -28.98] [-53.77, -27.98] [-53.57, -26.98]
2.855868e+07 [-52.01, -37.89] [-51.81, -36.89] [-51.61, -35.89]
2.964930e+07 [-52.23, -39.87] [-52.03, -38.87] [-51.83, -37.87]
3.078158e+07 [-51.70, -45.08] [-51.50, -44.08] [-51.30, -43.08]
3.195709e+07 [-51.27, -49.93] [-51.07, -48.93] [-50.87, -47.93]
3.317750e+07 [-50.40, -62.80] [-50.20, -61.80] [-50.00, -60.80]
3.444451e+07 [-50.11, -67.59] [-49.91, -66.59] [-49.71, -65.59]
3.575990e+07 [-50.05, -72.46] [-49.85, -71.46] [-49.65, -70.46]
3.712553e+07 [-49.69, -85.07] [-49.49, -84.07] [-49.29, -83.07]
3.854331e+07 [-48.93, -93.82] [-48.73, -92.82] [-48.53, -91.82]
4.001524e+07 [-48.48, -103.84] [-48.28, -102.84] [-48.08, -101.84]
4.154338e+07 [-48.19, -114.20] [-47.99, -113.20] [-47.79, -112.20]
4.312987e+07 [-47.46, -118.96] [-47.26, -117.96] [-47.06, -116.96]
4.477695e+07 [-47.07, -132.26] [-46.87, -131.26] [-46.67, -130.26]
4.648693e+07 [-46.47, -142.55] [-46.27, -141.55] [-46.07, -140.55]
4.826221e+07 [-45.73, -152.14] [-45.53, -151.14] [-45.33, -150.14]
5.010529e+07 [-45.55, -164.72] [-45.35, -163.72] [-45.15, -162.72]
5.201875e+07 [-44.67, -174.57] [-44.47, -173.57] [-44.27, -172.57]
5.400529e+07 [-44.19, 171.88] [-43.99, 172.88] [-43.79, 173.88]
5.606769e+07 [-43.61, 158.28] [-43.41, 159.28] [-43.21, 160.28]
5.820885e+07 [-43.17, 142.63] [-42.97, 143.63] [-42.77, 144.63]
6.043178e+07 [-42.72, 129.40] [-42.52, 130.40] [-42.32, 131.40]
6.273960e+07 [-42.28, 114.23] [-42.08, 115.23] [-41.88, 116.23]
6.513556e+07 [-41.67, 98.14] [-41.47, 99.14] [-41.27, 100.14]
6.762301e+07 [-41.47, 81.64] [-41.27, 82.64] [-41.07, 83.64]
7.020545e+07 [-41.05, 64.37] [-40.85, 65.37] [-40.65, 66.37]
7.288652e+07 [-40.69, 46.51] [-40.49, 47.51] [-40.29, 48.51]
7.566997e+07 [-40.81, 26.94] [-40.61, 27.94] [-40.41, 28.94]
7.855972e+07 [-40.49, 9.11] [-40.29, 10.11] [-40.09, 11.11]
8.155983e+07 [-40.51, -9.77] [-40.31, -8.77] [-40.11, -7.77]
8.467450e+07 [-40.36, -29.94] [-40.16, -28.94] [-39.96, -27.94]
8.790813e+07 [-40.35, -49.35] [-40.15, -48.35] [-39.95, -47.35]
9.126524e+07 [-40.37, -70.20] [-40.17, -69.20] [-39.97, -68.20]
9.475055e+07 [-40.34, -90.60] [-40.14, -89.60] [-39.94, -88.60]
9.836897e+07 [-40.33, -111.94] [-40.13, -110.94] [-39.93, -109.94]
1.021256e+08 [-40.50, -133.74] [-40.30, -132.74] [-40.10, -131.74]
1.060256e+08 [-40.48, -156.44] [-40.28, -155.44] [-40.08, -154.44]
1.100746e+08 [-40.47, -179.16] [-40.27, -178.16] [-40.07, -177.16]
1.142782e+08 [-40.52, 156.95] [-40.32, 157.95] [-40.12, 158.95]
1.186424e+08 [-40.58, 132.90] [-40.38, 133.90] [-40.18, 134.90]
1.231732e+08 [-40.55, 107.69] [-40.35, 108.69] [-40.15, 109.69]
1.278771e+08 [-40.58, 81.72] [-40.38, 82.72] [-40.18, 83.72]
1.327605e+08 [-40.61, 54.08] [-40.41, 55.08] [-40.21, 56.08]
1.378305e+08 [-40.55, 26.80] [-40.35, 27.80] [-40.15, 28.80]
1.430941e+08 [-40.65, -1.76] [-40.45, -0.76] [-40.25, 0.24]
1.485587e+08 [-40.67, -31.91] [-40.47, -30.91] [-40.27, -29.91]
1.542320e+08 [-40.61, -62.03] [-40.41, -61.03] [-40.21, -60.03]
1.601219e+08 [-40.64, -94.46] [-40.44, -93.46] [-40.24, -92.46]
1.662368e+08 [-40.70, -127.00] [-40.50, -126.00] [-40.30, -125.00]
1.725852e+08 [-40.70, -161.61] [-40.50, -160.61] [-40.30, -159.61]
1.791760e+08 [-40.73, 163.12] [-40.53, 164.12] [-40.33, 165.12]
1.860186e+08 [-40.79, 126.21] [-40.59, 127.21] [-40.39, 128.21]
1.931224e+08 [-40.77, 88.28] [-40.57, 89.28] [-40.37, 90.28]
2.004975e+08 [-40.79, 49.36] [-40.59, 50.36] [-40.39, 51.36]
2.081543e+08 [-40.73, 8.04] [-40.53, 9.04] [-40.33, 10.04]
2.161035e+08 [-40.75, -34.05] [-40.55, -33.05] [-40.35, -32.05]
2.243562e+08 [-40.76, -78.34] [-40.56, -77.34] [-40.36, -76.34]
2.329241e+08 [-40.77, -123.48] [-40.57, -122.48] [-40.37, -121.48]
2.418192e+08 [-40.76, -171.12] [-40.56, -170.12] [-40.36, -169.12]
2.510540e+08 [-40.77, 140.16] [-40.57, 141.16] [-40.37, 142.16]
2.606415e+08 [-40.77, 89.33] [-40.57, 90.33] [-40.37, 91.33]
2.705951e+08 [-40.82, 36.47] [-40.62, 37.47] [-40.42, 38.47]
2.809288e+08 [-40.85, -17.99] [-40.65, -16.99] [-40.45, -15.99]
2.916571e+08 [-40.83, -74.32] [-40.63, -73.32] [-40.43, -72.32]
3.027952e+08 [-40.76, -133.37] [-40.56, -132.37] [-40.36, -131.37]
3.143586e+08 [-40.82, 165.45] [-40.62, 166.45] [-40.42, 167.45]
3.263636e+08 [-40.81, 102.27] [-40.61, 103.27] [-40.41, 104.27]
3.388271e+08 [-40.84, 36.47] [-40.64, 37.47] [-40.44, 38.47]
3.517665e+08 [-40.82, -31.90] [-40.62, -30.90] [-40.42, -29.90]
3.652000e+08 [-40.85, -102.54] [-40.65, -101.54] [-40.45, -100.54]
3.791466e+08 [-40.87, -175.93] [-40.67, -174.93] [-40.47, -173.93]
3.936258e+08 [-40.85, 107.87] [-40.65, 108.87] [-40.45, 109.87]
4.086579e+08 [-40.86, 28.88] [-40.66, 29.88] [-40.46, 30.88]
4.242641e+08 [-40.86, -53.33] [-40.66, -52.33] [-40.46, -51.33]
4.404662e+08 [-40.89, -138.88] [-40.69, -137.88] [-40.49, -136.88]
4.572871e+08 [-40.91, 132.69] [-40.71, 133.69] [-40.51, 134.69]
4.747504e+08 [-40.90, 41.12] [-40.70, 42.12] [-40.50, 43.12]
4.928806e+08 [-40.88, -54.17] [-40.68, -53.17] [-40.48, -52.17]
5.117031e+08 [-40.90, -153.50] [-40.70, -152.50] [-40.50, -151.50]
5.312445e+08 [-40.90, 103.73] [-40.70, 104.73] [-40.50, 105.73]
5.515321e+08 [-40.93, -2.87] [-40.73, -1.87] [-40.53, -0.87]
5.725945e+08 [-40.96, -113.30] [-40.76, -112.30] [-40.56, -111.30]
5.944612e+08 [-40.92, 131.42] [-40.72, 132.42] [-40.52, 133.42]
6.171630e+08 [-40.93, 11.73] [-40.73, 12.73] [-40.53, 13.73]
6.407317e+08 [-41.01, -112.11] [-40.81, -111.11] [-40.61, -110.11]
6.652006e+08 [-40.95, 119.98] [-40.75, 120.98] [-40.55, 121.98]
6.906038e+08 [-40.97, -14.10] [-40.77, -13.10] [-40.57, -12.10]
7.169772e+08 [-40.95, -152.57] [-40.75, -151.57] [-40.55, -150.57]
7.443577e+08 [-41.07, 63.29] [-40.87, 64.29] [-40.67, 65.29]
7.727839e+08 [-41.02, -86.43] [-40.82, -85.43] [-40.62, -84.43]
8.022956e+08 [-41.04, 118.34] [-40.84, 119.34] [-40.64, 120.34]
8.329344e+08 [-41.05, -43.30] [-40.85, -42.30] [-40.65, -41.30]
8.647432e+08 [-41.08, 149.61] [-40.88, 150.61] [-40.68, 151.61]
8.977667e+08 [-41.14, -24.27] [-40.94, -23.27] [-40.74, -22.27]
9.320514e+08 [-41.19, 155.19] [-40.99, 156.19] [-40.79, 157.19]
9.676454e+08 [-41.16, -32.12] [-40.96, -31.12] [-40.76, -30.12]
1.004599e+09 [-41.13, 133.16] [-40.93, 134.16] [-40.73, 135.16]
1.042963e+09 [-41.18, -68.56] [-40.98, -67.56] [-40.78, -66.56]
1.082793e+09 [-41.22, 81.25] [-41.02, 82.25] [-40.82, 83.25]
1.124143e+09 [-41.27, -136.84] [-41.07, -135.84] [-40.87, -134.84]
1.167073e+09 [-41.20, -3.50] [-41.00, -2.50] [-40.80, -1.50]
1.211642e+09 [-41.10, 119.92] [-40.90, 120.92] [-40.70, 121.92]
1.257913e+09 [-41.01, -125.89] [-40.81, -124.89] [-40.61, -123.89]
1.305952e+09 [-40.78, -24.31] [-40.58, -23.31] [-40.38, -22.31]
1.355825e+09 [-43.08, 62.76] [-42.88, 63.76] [-42.68, 64.76]
1.407602e+09 [-42.83, 158.58] [-42.63, 159.58] [-42.43, 160.58]
1.461357e+09 [-42.94, -132.81] [-42.74, -131.81] [-42.54, -130.81]
1.517164e+09 [-46.25, -88.12] [-46.05, -87.12] [-45.85, -86.12]
1.575103e+09 [-55.46, 99.88] [-55.26, 100.88] [-55.06, 101.88]
1.635254e+09 [-41.98, 104.45] [-41.78, 105.45] [-41.58, 106.45]
1.697703e+09 [-40.21, 109.98] [-40.01, 110.98] [-39.81, 111.98]
1.762536e+09 [-41.73, 108.80] [-41.53, 109.80] [-41.33, 110.80]
1.829845e+09 [-43.06, 149.65] [-42.86, 150.65] [-42.66, 151.65]
1.899725e+09 [-38.29, 126.87] [-38.09, 127.87] [-37.89, 128.87]
1.972273e+09 [-38.31, 106.27] [-38.11, 107.27] [-37.91, 108.27]
2.047592e+09 [-36.55, 65.85] [-36.35, 66.85] [-36.15, 67.85]
2.125787e+09 [-34.94, 9.81] [-34.74, 10.81] [-34.54, 11.81]
2.206969e+09 [-33.50, -62.98] [-33.30, -61.98] [-33.10, -60.98]
2.291250e+09 [-31.90, -154.57] [-31.70, -153.57] [-31.50, -152.57]
2.378751e+09 [-30.27, 94.25] [-30.07, 95.25] [-29.87, 96.25]
2.469592e+09 [-28.77, -38.56] [-28.57, -37.56] [-28.37, -36.56]
2.563903e+09 [-28.02, 165.44] [-27.82, 166.44] [-27.62, 167.44]
2.661816e+09 [-28.05, -5.62] [-27.85, -4.62] [-27.65, -3.62]
2.763468e+09 [-28.18, 165.90] [-27.98, 166.90] [-27.78, 167.90]
2.869001e+09 [-28.32, -40.55] [-28.12, -39.55] [-27.92, -38.55]
2.978565e+09 [-28.28, 90.91] [-28.08, 91.91] [-27.88, 92.91]
3.092313e+09 [-25.07, -155.63] [-24.87, -154.63] [-24.67, -153.63]
3.210405e+09 [-25.77, -110.90] [-25.57, -109.90] [-25.37, -108.90]
3.333007e+09 [-28.91, -65.70] [-28.71, -64.70] [-28.51, -63.70]
3.460290e+09 [-31.80, -45.86] [-31.60, -44.86] [-31.40, -43.86]
3.592435e+09 [-37.51, -60.60] [-37.31, -59.60] [-37.11, -58.60]
3.729626e+09 [-43.10, -67.90] [-42.90, -66.90] [-42.70, -65.90]
3.872056e+09 [-44.94, -111.37] [-44.74, -110.37] [-44.54, -109.37]
4.019925e+09 [-44.27, 156.68] [-44.07, 157.68] [-43.87, 158.68]
4.173442e+09 [-44.49, 27.78] [-44.29, 28.78] [-44.09, 29.78]
4.332821e+09 [-37.85, -108.77] [-37.65, -107.77] [-37.45, -106.77]
4.498286e+09 [-43.26, -152.22] [-43.06, -151.22] [-42.86, -150.22]
4.670071e+09 [-45.29, -144.73] [-45.09, -143.73] [-44.89, -142.73]
4.848415e+09 [-53.95, -58.87] [-53.75, -57.87] [-53.55, -56.87]
5.033571e+09 [-42.27, -125.67] [-42.07, -124.67] [-41.87, -123.67]
5.225797e+09 [-46.96, -93.49] [-46.76, -92.49] [-46.56, -91.49]
5.425364e+09 [-36.56, 1.12] [-36.36, 2.12] [-36.16, 3.12]
5.632553e+09 [-33.92, -68.81] [-33.72, -67.81] [-33.52, -66.81]
5.847653e+09 [-32.53, -165.64] [-32.33, -164.64] [-32.13, -163.64]
6.070969e+09 [-34.40, 97.13] [-34.20, 98.13] [-34.00, 99.13]
6.302812e+09 [-30.58, -74.77] [-30.38, -73.77] [-30.18, -72.77]
6.543509e+09 [-38.01, 86.09] [-37.81, 87.09] [-37.61, 88.09]
6.793398e+09 [-45.08, 114.83] [-44.88, 115.83] [-44.68, 116.83]
7.052830e+09 [-40.22, -21.42] [-40.02, -20.42] [-39.82, -19.42]
7.322170e+09 [-44.54, -43.59] [-44.34, -42.59] [-44.14, -41.59]
7.601795e+09 [-47.87, -177.81] [-47.67, -176.81] [-47.47, -175.81]
7.892099e+09 [-60.73, -42.66] [-60.53, -41.66] [-60.33, -40.66]
8.193489e+09 [-40.30, 148.30] [-40.10, 149.30] [-39.90, 150.30]
8.506389e+09 [-36.96, 177.63] [-36.76, 178.63] [-36.56, 179.63]
8.831239e+09 [-44.65, 172.53] [-44.45, 173.53] [-44.25, 174.53]
9.168493e+09 [-46.17, -123.45] [-45.97, -122.45] [-45.77, -121.45]
9.518628e+09 [-43.20, -169.22] [-43.00, -168.22] [-42.80, -167.22]
9.882133e+09 [-34.79, 126.82] [-34.59, 127.82] [-34.39, 128.82]
1.025952e+10 [-31.37, 57.62] [-31.17, 58.62] [-30.97, 59.62]
1.065132e+10 [-27.62, -62.77] [-27.42, -61.77] [-27.22, -60.77]
1.105808e+10 [-39.08, -11.40] [-38.88, -10.40] [-38.68, -9.40]
1.148038e+10 [-36.86, -68.44] [-36.66, -67.44] [-36.46, -66.44]
1.191880e+10 [-39.39, -118.79] [-39.19, -117.79] [-38.99, -116.79]
1.237396e+10 [-32.78, 48.44] [-32.58, 49.44] [-32.38, 50.44]
1.284651e+10 [-49.05, -138.51] [-48.85, -137.51] [-48.65, -136.51]
1.333711e+10 [-32.11, 155.28] [-31.91, 156.28] [-31.71, 157.28]
1.384643e+10 [-27.99, -94.00] [-27.79, -93.00] [-27.59, -92.00]
1.437521e+10 [-32.79, 115.11] [-32.59, 116.11] [-32.39, 117.11]
1.492419e+10 [-32.36, -9.59] [-32.16, -8.59] [-31.96, -7.59]
1.549412e+10 [-31.96, 94.92] [-31.76, 95.92] [-31.56, 96.92]
1.608583e+10 [-31.81, -136.40] [-31.61, -135.40] [-31.41, -134.40]
1.670013e+10 [-35.91, 115.98] [-35.71, 116.98] [-35.51, 117.98]
1.733789e+10 [-38.76, 21.40] [-38.56, 22.40] [-38.36, 23.40]
1.800000e+10 [-32.38, 94.10] [-32.18, 95.10] [-31.98, 96.10]
