FUNIT: Hz
UNIT: dB
1.000000e+07 [-20.27, -75.63] [-20.07, -74.63] [-19.87, -73.63]
1.038189e+07 [-20.19, -77.77] [-19.99, -76.77] [-19.79, -75.77]
1.077836e+07 [-20.49, -81.76] [-20.29, -80.76] [-20.09, -79.76]
1.118997e+07 [-20.48, -81.98] [-20.28, -80.98] [-20.08, -79.98]
1.161731e+07 [-20.80, -85.16] [-20.60, -84.16] [-20.40, -83.16]
1.206096e+07 [-20.64, -88.89] [-20.44, -87.89] [-20.24, -86.89]
1.252155e+07 [-20.27, -93.91] [-20.07, -92.91] [-19.87, -91.91]
1.299974e+07 [-20.41, -99.66] [-20.21, -98.66] [-20.01, -97.66]
1.349618e+07 [-20.25, -101.52] [-20.05, -100.52] [-19.85, -99.52]
1.401158e+07 [-20.58, -103.77] [-20.38, -102.77] [-20.18, -101.77]
1.454667e+07 [-20.50, -106.58] [-20.30, -105.58] [-20.10, -104.58]
1.510219e+07 [-20.66, -112.51] [-20.46, -111.51] [-20.26, -110.51]
1.567893e+07 [-20.79, -117.21] [-20.59, -116.21] [-20.39, -115.21]
1.627769e+07 [-20.57, -117.57] [-20.37, -116.57] [-20.17, -115.57]
1.689931e+07 [-20.57, -123.76] [-20.37, -122.76] [-20.17, -121.76]
1.754468e+07 [-20.51, -131.31] [-20.31, -130.31] [-20.11, -129.31]
1.821469e+07 [-20.52, -132.55] [-20.32, -131.55] [-20.12, -130.55]
1.891029e+07 [-20.69, -138.86] [-20.49, -137.86] [-20.29, -136.86]
1.963245e+07 [-20.62, -144.81] [-20.42, -143.81] [-20.22, -142.81]
2.038219e+07 [-20.47, -151.88] [-20.27, -150.88] [-20.07, -149.88]
2.116056e+07 [-20.57, -156.06] [-20.37, -155.06] [-20.17, -154.06]
2.196866e+07 [-20.36, -162.15] [-20.16, -161.15] [-19.96, -160.15]
2.280762e+07 [-20.88, -169.45] [-20.68, -168.45] [-20.48, -167.45]
2.367862e+07 [-20.51, -174.04] [-20.31, -173.04] [-20.11, -172.04]
2.458288e+07 [-20.56, -180.54] [-20.36, -179.54] [-20.16, -178.54]
2.552167e+07 [-20.71, 171.24] [-20.51, 172.24] [-20.31, 173.24]
2.649631e+07 [-20.69, 165.77] [-20.49, 166.77] [-20.29, 167.77]
2.750818e+07 [-20.65, 158.03] [-20.45, 159.03] [-20.25, 160.03]
2.855868e+07 [-20.54, 149.57] [-20.34, 150.57] [-20.14, 151.57]
2.964930e+07 [-20.71, 141.67] [-20.51, 142.67] [-20.31, 143.67]
3.078158e+07 [-20.70, 133.02] [-20.50, 134.02] [-20.30, 135.02]
3.195709e+07 [-20.72, 126.12] [-20.52, 127.12] [-20.32, 128.12]
3.317750e+07 [-20.73, 115.88] [-20.53, 116.88] [-20.33, 117.88]
3.444451e+07 [-20.75, 106.84] [-20.55, 107.84] [-20.35, 108.84]
3.575990e+07 [-20.71, 97.67] [-20.51, 98.67] [-20.31, 99.67]
3.712553e+07 [-20.59, 87.30] [-20.39, 88.30] [-20.19, 89.30]
3.854331e+07 [-20.66, 77.82] [-20.46, 78.82] [-20.26, 79.82]
4.001524e+07 [-20.67, 67.28] [-20.47, 68.28] [-20.27, 69.28]
4.154338e+07 [-20.54, 54.91] [-20.34, 55.91] [-20.14, 56.91]
4.312987e+07 [-20.72, 44.65] [-20.52, 45.65] [-20.32, 46.65]
4.477695e+07 [-20.78, 31.02] [-20.58, 32.02] [-20.38, 33.02]
4.648693e+07 [-20.75, 19.19] [-20.55, 20.19] [-20.35, 21.19]
4.826221e+07 [-20.78, 6.82] [-20.58, 7.82] [-20.38, 8.82]
5.010529e+07 [-20.79, -6.51] [-20.59, -5.51] [-20.39, -4.51]
5.201875e+07 [-20.80, -20.89] [-20.60, -19.89] [-20.40, -18.89]
5.400529e+07 [-20.78, -35.41] [-20.58, -34.41] [-20.38, -33.41]
5.606769e+07 [-20.71, -51.00] [-20.51, -50.00] [-20.31, -49.00]
5.820885e+07 [-20.80, -65.62] [-20.60, -64.62] [-20.40, -63.62]
6.043178e+07 [-20.89, -82.30] [-20.69, -81.30] [-20.49, -80.30]
6.273960e+07 [-20.78, -99.23] [-20.58, -98.23] [-20.38, -97.23]
6.513556e+07 [-20.81, -116.15] [-20.61, -115.15] [-20.41, -114.15]
6.762301e+07 [-20.80, -133.86] [-20.60, -132.86] [-20.40, -131.86]
7.020545e+07 [-20.77, -153.10] [-20.57, -152.10] [-20.37, -151.10]
7.288652e+07 [-20.80, -172.45] [-20.60, -171.45] [-20.40, -170.45]
7.566997e+07 [-20.82, 167.44] [-20.62, 168.44] [-20.42, 169.44]
7.855972e+07 [-20.85, 146.45] [-20.65, 147.45] [-20.45, 148.45]
8.155983e+07 [-20.84, 124.20] [-20.64, 125.20] [-20.44, 126.20]
8.467450e+07 [-20.84, 101.92] [-20.64, 102.92] [-20.44, 103.92]
8.790813e+07 [-20.87, 78.62] [-20.67, 79.62] [-20.47, 80.62]
9.126524e+07 [-20.92, 53.85] [-20.72, 54.85] [-20.52, 55.85]
9.475055e+07 [-20.86, 28.71] [-20.66, 29.71] [-20.46, 30.71]
9.836897e+07 [-20.90, 1.90] [-20.70, 2.90] [-20.50, 3.90]
1.021256e+08 [-20.92, -24.97] [-20.72, -23.97] [-20.52, -22.97]
1.060256e+08 [-20.97, -53.39] [-20.77, -52.39] [-20.57, -51.39]
1.100746e+08 [-20.94, -82.91] [-20.74, -81.91] [-20.54, -80.91]
1.142782e+08 [-20.97, -113.17] [-20.77, -112.17] [-20.57, -111.17]
1.186424e+08 [-20.99, -145.33] [-20.79, -144.33] [-20.59, -143.33]
1.231732e+08 [-20.99, -177.87] [-20.79, -176.87] [-20.59, -175.87]
1.278771e+08 [-20.97, 147.69] [-20.77, 148.69] [-20.57, 149.69]
1.327605e+08 [-20.99, 112.33] [-20.79, 113.33] [-20.59, 114.33]
1.378305e+08 [-21.05, 75.64] [-20.85, 76.64] [-20.65, 77.64]
1.430941e+08 [-21.07, 37.27] [-20.87, 38.27] [-20.67, 39.27]
1.485587e+08 [-21.06, -2.24] [-20.86, -1.24] [-20.66, -0.24]
1.542320e+08 [-21.07, -43.54] [-20.87, -42.54] [-20.67, -41.54]
1.601219e+08 [-21.07, -86.24] [-20.87, -85.24] [-20.67, -84.24]
1.662368e+08 [-21.11, -130.69] [-20.91, -129.69] [-20.71, -128.69]
1.725852e+08 [-21.08, -176.94] [-20.88, -175.94] [-20.68, -174.94]
1.791760e+08 [-21.12, 135.24] [-20.92, 136.24] [-20.72, 137.24]
1.860186e+08 [-21.13, 85.56] [-20.93, 86.56] [-20.73, 87.56]
1.931224e+08 [-21.18, 34.13] [-20.98, 35.13] [-20.78, 36.13]
2.004975e+08 [-21.18, -19.47] [-20.98, -18.47] [-20.78, -17.47]
2.081543e+08 [-21.18, -75.05] [-20.98, -74.05] [-20.78, -73.05]
2.161035e+08 [-21.21, -132.76] [-21.01, -131.76] [-20.81, -130.76]
2.243562e+08 [-21.21, 167.34] [-21.01, 168.34] [-20.81, 169.34]
2.329241e+08 [-21.27, 105.10] [-21.07, 106.10] [-20.87, 107.10]
2.418192e+08 [-21.27, 40.58] [-21.07, 41.58] [-20.87, 42.58]
2.510540e+08 [-21.29, -26.39] [-21.09, -25.39] [-20.89, -24.39]
2.606415e+08 [-21.30, -96.18] [-21.10, -95.18] [-20.90, -94.18]
2.705951e+08 [-21.32, -168.25] [-21.12, -167.25] [-20.92, -166.25]
2.809288e+08 [-21.37, 116.68] [-21.17, 117.68] [-20.97, 118.68]
2.916571e+08 [-21.37, 38.86] [-21.17, 39.86] [-20.97, 40.86]
3.027952e+08 [-21.37, -42.04] [-21.17, -41.04] [-20.97, -40.04]
3.143586e+08 [-21.39, -125.98] [-21.19, -124.98] [-20.99, -123.98]
3.263636e+08 [-21.43, 146.88] [-21.23, 147.88] [-21.03, 148.88]
3.388271e+08 [-21.43, 56.36] [-21.23, 57.36] [-21.03, 58.36]
3.517665e+08 [-21.46, -37.48] [-21.26, -36.48] [-21.06, -35.48]
3.652000e+08 [-21.49, -134.94] [-21.29, -133.94] [-21.09, -132.94]
3.791466e+08 [-21.51, 123.92] [-21.31, 124.92] [-21.11, 125.92]
3.936258e+08 [-21.55, 18.82] [-21.35, 19.82] [-21.15, 20.82]
4.086579e+08 [-21.55, -90.14] [-21.35, -89.14] [-21.15, -88.14]
4.242641e+08 [-21.58, 156.61] [-21.38, 157.61] [-21.18, 158.61]
4.404662e+08 [-21.60, 38.91] [-21.40, 39.91] [-21.20, 40.91]
4.572871e+08 [-21.63, -83.14] [-21.43, -82.14] [-21.23, -81.14]
4.747504e+08 [-21.67, 150.22] [-21.47, 151.22] [-21.27, 152.22]
4.928806e+08 [-21.67, 18.72] [-21.47, 19.72] [-21.27, 20.72]
5.117031e+08 [-21.71, -117.87] [-21.51, -116.87] [-21.31, -115.87]
5.312445e+08 [-21.74, 100.25] [-21.54, 101.25] [-21.34, 102.25]
5.515321e+08 [-21.80, -46.86] [-21.60, -45.86] [-21.40, -44.86]
5.725945e+08 [-21.79, 160.50] [-21.59, 161.50] [-21.39, 162.50]
5.944612e+08 [-21.83, 1.89] [-21.63, 2.89] [-21.43, 3.89]
6.171630e+08 [-21.84, -163.03] [-21.64, -162.03] [-21.44, -161.03]
6.407317e+08 [-21.90, 26.23] [-21.70, 27.23] [-21.50, 28.23]
6.652006e+08 [-21.91, -151.25] [-21.71, -150.25] [-21.51, -149.25]
6.906038e+08 [-21.92, 24.38] [-21.72, 25.38] [-21.52, 26.38]
7.169772e+08 [-21.98, -166.90] [-21.78, -165.90] [-21.58, -164.90]
7.443577e+08 [-22.02, -5.39] [-21.82, -4.39] [-21.62, -3.39]
7.727839e+08 [-22.01, 148.31] [-21.81, 149.31] [-21.61, 150.31]
8.022956e+08 [-22.08, -65.73] [-21.88, -64.73] [-21.68, -63.73]
8.329344e+08 [-22.12, 72.10] [-21.92, 73.10] [-21.72, 74.10]
8.647432e+08 [-22.13, -158.79] [-21.93, -157.79] [-21.73, -156.79]
8.977667e+08 [-22.21, -38.26] [-22.01, -37.26] [-21.81, -36.26]
9.320514e+08 [-22.19, 73.34] [-21.99, 74.34] [-21.79, 75.34]
9.676454e+08 [-22.26, 174.85] [-22.06, 175.85] [-21.86, 176.85]
1.004599e+09 [-22.31, -92.40] [-22.11, -91.40] [-21.91, -90.40]
1.042963e+09 [-22.30, -11.25] [-22.10, -10.25] [-21.90, -9.25]
1.082793e+09 [-22.40, 60.44] [-22.20, 61.44] [-22.00, 62.44]
1.124143e+09 [-22.37, 120.09] [-22.17, 121.09] [-21.97, 122.09]
1.167073e+09 [-22.49, 169.26] [-22.29, 170.26] [-22.09, 171.26]
1.211642e+09 [-22.46, -154.40] [-22.26, -153.40] [-22.06, -152.40]
1.257913e+09 [-22.56, -129.54] [-22.36, -128.54] [-22.16, -127.54]
1.305952e+09 [-22.62, -118.29] [-22.42, -117.29] [-22.22, -116.29]
1.355825e+09 [-22.63, -119.12] [-22.43, -118.12] [-22.23, -117.12]
1.407602e+09 [-22.70, -135.18] [-22.50, -134.18] [-22.30, -133.18]
1.461357e+09 [-22.69, -164.97] [-22.49, -163.97] [-22.29, -162.97]
1.517164e+09 [-22.80, 151.16] [-22.60, 152.16] [-22.40, 153.16]
1.575103e+09 [-22.86, 90.11] [-22.66, 91.11] [-22.46, 92.11]
1.635254e+09 [-22.81, 14.27] [-22.61, 15.27] [-22.41, 16.27]
1.697703e+09 [-22.88, -77.96] [-22.68, -76.96] [-22.48, -75.96]
1.762536e+09 [-23.00, 171.72] [-22.80, 172.72] [-22.60, 173.72]
1.829845e+09 [-23.05, 43.18] [-22.85, 44.18] [-22.65, 45.18]
1.899725e+09 [-23.02, -103.85] [-22.82, -102.85] [-22.62, -101.85]
1.972273e+09 [-23.04, 90.74] [-22.84, 91.74] [-22.64, 92.74]
2.047592e+09 [-23.10, -95.05] [-22.90, -94.05] [-22.70, -93.05]
2.125787e+09 [-23.21, 58.24] [-23.01, 59.24] [-22.81, 60.24]
2.206969e+09 [-23.30, -170.42] [-23.10, -169.42] [-22.90, -168.42]
2.291250e+09 [-23.38, -61.49] [-23.18, -60.49] [-22.98, -59.49]
2.378751e+09 [-23.47, 24.21] [-23.27, 25.21] [-23.07, 26.21]
2.469592e+09 [-23.49, 85.62] [-23.29, 86.62] [-23.09, 87.62]
2.563903e+09 [-23.47, 123.57] [-23.27, 124.57] [-23.07, 125.57]
2.661816e+09 [-23.49, 130.81] [-23.29, 131.81] [-23.09, 132.81]
2.763468e+09 [-23.72, 113.06] [-23.52, 114.06] [-23.32, 115.06]
2.869001e+09 [-23.96, 68.84] [-23.76, 69.84] [-23.56, 70.84]
2.978565e+09 [-24.05, -3.22] [-23.85, -2.22] [-23.65, -1.22]
3.092313e+09 [-23.81, -110.50] [-23.61, -109.50] [-23.41, -108.50]
3.210405e+09 [-24.26, 114.04] [-24.06, 115.04] [-23.86, 116.04]
3.333007e+09 [-24.18, -52.02] [-23.98, -51.02] [-23.78, -50.02]
3.460290e+09 [-24.46, 101.63] [-24.26, 102.63] [-24.06, 103.63]
3.592435e+09 [-24.22, -132.04] [-24.02, -131.04] [-23.82, -130.04]
3.729626e+09 [-24.99, -48.04] [-24.79, -47.04] [-24.59, -46.04]
3.872056e+09 [-24.59, -3.18] [-24.39, -2.18] [-24.19, -1.18]
4.019925e+09 [-24.34, 8.21] [-24.14, 9.21] [-23.94, 10.21]
4.173442e+09 [-24.67, -22.73] [-24.47, -21.73] [-24.27, -20.73]
4.332821e+09 [-24.97, -98.35] [-24.77, -97.35] [-24.57, -96.35]
4.498286e+09 [-25.19, 141.12] [-24.99, 142.12] [-24.79, 143.12]
4.670071e+09 [-25.48, -24.53] [-25.28, -23.53] [-25.08, -22.53]
4.848415e+09 [-25.52, 123.93] [-25.32, 124.93] [-25.12, 125.93]
5.033571e+09 [-25.49, -137.52] [-25.29, -136.52] [-25.09, -135.52]
5.225797e+09 [-25.16, -92.04] [-24.96, -91.04] [-24.76, -90.04]
5.425364e+09 [-25.80, -101.05] [-25.60, -100.05] [-25.40, -99.05]
5.632553e+09 [-26.00, -157.36] [-25.80, -156.36] [-25.60, -155.36]
5.847653e+09 [-25.50, 81.11] [-25.30, 82.11] [-25.10, 83.11]
6.070969e+09 [-25.47, -94.15] [-25.27, -93.15] [-25.07, -92.15]
6.302812e+09 [-25.99, 23.34] [-25.79, 24.34] [-25.59, 25.34]
6.543509e+09 [-25.96, 77.06] [-25.76, 78.06] [-25.56, 79.06]
6.793398e+09 [-25.56, 66.23] [-25.36, 67.23] [-25.16, 68.23]
7.052830e+09 [-25.87, -16.37] [-25.67, -15.37] [-25.47, -14.37]
7.322170e+09 [-26.18, -167.00] [-25.98, -166.00] [-25.78, -165.00]
7.601795e+09 [-26.17, -32.51] [-25.97, -31.51] [-25.77, -30.51]
7.892099e+09 [-25.90, 23.41] [-25.70, 24.41] [-25.50, 25.41]
8.193489e+09 [-26.64, -2.00] [-26.44, -1.00] [-26.24, -0.00]
8.506389e+09 [-26.17, -110.20] [-25.97, -109.20] [-25.77, -108.20]
8.831239e+09 [-26.08, 57.92] [-25.88, 58.92] [-25.68, 59.92]
9.168493e+09 [-26.25, 131.44] [-26.05, 132.44] [-25.85, 133.44]
9.518628e+09 [-26.29, 109.10] [-26.09, 110.10] [-25.89, 111.10]
9.882133e+09 [-26.57, -6.23] [-26.37, -5.23] [-26.17, -4.23]
1.025952e+10 [-26.56, 139.78] [-26.36, 140.78] [-26.16, 141.78]
1.065132e+10 [-26.97, 176.42] [-26.77, 177.42] [-26.57, 178.42]
1.105808e+10 [-26.62, 107.41] [-26.42, 108.41] [-26.22, 109.41]
1.148038e+10 [-26.81, -72.60] [-26.61, -71.60] [-26.41, -70.60]
1.191880e+10 [-27.11, -13.66] [-26.91, -12.66] [-26.71, -11.66]
1.237396e+10 [-27.27, -72.38] [-27.07, -71.38] [-26.87, -70.38]
1.284651e+10 [-27.68, 99.43] [-27.48, 100.43] [-27.28, 101.43]
1.333711e+10 [-27.70, 142.29] [-27.50, 143.29] [-27.30, 144.29]
1.384643e+10 [-27.62, 50.12] [-27.42, 51.12] [-27.22, 52.12]
1.437521e+10 [-27.68, 171.08] [-27.48, 172.08] [-27.28, 173.08]
1.492419e+10 [-27.82, 152.12] [-27.62, 153.12] [-27.42, 154.12]
1.549412e+10 [-28.25, -30.63] [-28.05, -29.63] [-27.85, -28.63]
1.608583e+10 [-28.44, -5.79] [-28.24, -4.79] [-28.04, -3.79]
1.670013e+10 [-29.22, -139.21] [-29.02, -138.21] [-28.82, -137.21]
1.733789e+10 [-28.41, -87.04] [-28.21, -86.04] [-28.01, -85.04]
1.800000e+10 [-29.74, 149.24] [-29.54, 150.24] [-29.34, 151.24]
