FUNIT: Hz
UNIT: dB
9.676454e+08 [-40.85, -120.95] [-40.65, -119.95] [-40.45, -118.95]
1.004599e+09 [-40.67, -170.37] [-40.47, -169.37] [-40.27, -168.37]
1.042963e+09 [-40.54, 137.93] [-40.34, 138.93] [-40.14, 139.93]
1.082793e+09 [-40.41, 84.70] [-40.21, 85.70] [-40.01, 86.70]
1.124143e+09 [-40.29, 29.43] [-40.09, 30.43] [-39.89, 31.43]
1.167073e+09 [-40.19, -28.03] [-39.99, -27.03] [-39.79, -26.03]
1.211642e+09 [-40.10, -87.73] [-39.90, -86.73] [-39.70, -85.73]
1.257913e+09 [-40.03, -149.76] [-39.83, -148.76] [-39.63, -147.76]
1.305952e+09 [-40.00, 145.74] [-39.80, 146.74] [-39.60, 147.74]
1.355825e+09 [-39.99, 78.81] [-39.79, 79.81] [-39.59, 80.81]
1.407602e+09 [-39.98, 9.20] [-39.78, 10.20] [-39.58, 11.20]
1.461357e+09 [-40.01, -63.18] [-39.81, -62.18] [-39.61, -61.18]
1.517164e+09 [-40.09, -138.38] [-39.89, -137.38] [-39.69, -136.38]
1.575103e+09 [-40.18, 143.39] [-39.98, 144.39] [-39.78, 145.39]
1.635254e+09 [-40.29, 62.08] [-40.09, 63.08] [-39.89, 64.08]
1.697703e+09 [-40.43, -22.62] [-40.23, -21.62] [-40.03, -20.62]
1.762536e+09 [-40.63, -110.62] [-40.43, -109.62] [-40.23, -108.62]
1.829845e+09 [-40.85, 157.75] [-40.65, 158.75] [-40.45, 159.75]
1.899725e+09 [-41.09, 62.20] [-40.89, 63.20] [-40.69, 64.20]
1.972273e+09 [-41.36, -37.39] [-41.16, -36.39] [-40.96, -35.39]
2.000000e+09 [-41.65, -141.12] [-41.45, -140.12] [-41.25, -139.12]
2.000000e+09 [-41.34, 101.21] [-41.14, 102.21] [-40.94, 103.21]
2.125787e+09 [-41.18, 32.74] [-40.98, 33.74] [-40.78, 34.74]
2.206969e+09 [-41.03, -38.28] [-40.83, -37.28] [-40.63, -36.28]
2.291250e+09 [-40.89, -112.19] [-40.69, -111.19] [-40.49, -110.19]
2.378751e+09 [-40.74, 170.66] [-40.54, 171.66] [-40.34, 172.66]
2.469592e+09 [-40.63, 91.04] [-40.43, 92.04] [-40.23, 93.04]
2.563903e+09 [-40.56, 8.98] [-40.36, 9.98] [-40.16, 10.98]
2.661816e+09 [-40.46, -75.97] [-40.26, -74.97] [-40.06, -73.97]
2.763468e+09 [-40.41, -165.29] [-40.21, -164.29] [-40.01, -163.29]
2.869001e+09 [-40.38, 101.69] [-40.18, 102.69] [-39.98, 103.69]
2.978565e+09 [-40.37, 5.15] [-40.17, 6.15] [-39.97, 7.15]
3.092313e+09 [-40.39, -95.10] [-40.19, -94.10] [-39.99, -93.10]
3.210405e+09 [-40.42, 161.15] [-40.22, 162.15] [-40.02, 163.15]
3.333007e+09 [-40.46, 52.91] [-40.26, 53.91] [-40.06, 54.91]
3.460290e+09 [-40.55, -59.39] [-40.35, -58.39] [-40.15, -57.39]
3.592435e+09 [-40.66, -176.16] [-40.46, -175.16] [-40.26, -174.16]
3.729626e+09 [-40.80, 62.27] [-40.60, 63.27] [-40.40, 64.27]
3.872056e+09 [-40.97, -63.77] [-40.77, -62.77] [-40.57, -61.77]
4.019925e+09 [-41.10, 164.90] [-40.90, 165.90] [-40.70, 166.90]
4.173442e+09 [-41.27, 28.40] [-41.07, 29.40] [-40.87, 30.40]
4.332821e+09 [-41.44, -113.78] [-41.24, -112.78] [-41.04, -111.78]
4.498286e+09 [-41.61, 98.96] [-41.41, 99.96] [-41.21, 100.96]
4.670071e+09 [-41.75, -55.18] [-41.55, -54.18] [-41.35, -53.18]
4.848415e+09 [-41.88, 145.06] [-41.68, 146.06] [-41.48, 147.06]
5.033571e+09 [-41.96, -20.93] [-41.76, -19.93] [-41.56, -18.93]
5.225797e+09 [-41.98, 166.44] [-41.78, 167.44] [-41.58, 168.44]
5.425364e+09 [-41.94, -12.53] [-41.74, -11.53] [-41.54, -10.53]
5.632553e+09 [-41.90, 162.53] [-41.70, 163.53] [-41.50, 164.53]
5.847653e+09 [-41.97, -29.42] [-41.77, -28.42] [-41.57, -27.42]
6.000000e+09 [-41.57, 131.81] [-41.37, 132.81] [-41.17, 133.81]
6.000000e+09 [-41.03, 113.62] [-40.83, 114.62] [-40.63, 115.62]
6.302812e+09 [-41.12, -102.56] [-40.92, -101.56] [-40.72, -100.56]
6.543509e+09 [-41.04, 31.38] [-40.84, 32.38] [-40.64, 33.38]
6.793398e+09 [-41.06, 159.88] [-40.86, 160.88] [-40.66, 161.88]
7.052830e+09 [-41.08, -83.55] [-40.88, -82.55] [-40.68, -81.55]
7.322170e+09 [-40.93, 25.36] [-40.73, 26.36] [-40.53, 27.36]
7.601795e+09 [-41.01, 123.91] [-40.81, 124.91] [-40.61, 125.91]
7.892099e+09 [-41.02, -148.34] [-40.82, -147.34] [-40.62, -146.34]
8.193489e+09 [-41.04, -70.10] [-40.84, -69.10] [-40.64, -68.10]
8.506389e+09 [-41.09, -2.18] [-40.89, -1.18] [-40.69, -0.18]
8.831239e+09 [-41.19, 54.31] [-40.99, 55.31] [-40.79, 56.31]
9.168493e+09 [-41.22, 99.71] [-41.02, 100.71] [-40.82, 101.71]
9.518628e+09 [-41.31, 132.42] [-41.11, 133.42] [-40.91, 134.42]
9.882133e+09 [-41.33, 152.80] [-41.13, 153.80] [-40.93, 154.80]
1.025952e+10 [-41.40, 160.23] [-41.20, 161.23] [-41.00, 162.23]
1.065132e+10 [-41.46, 154.39] [-41.26, 155.39] [-41.06, 156.39]
1.105808e+10 [-41.59, 135.55] [-41.39, 136.55] [-41.19, 137.55]
1.148038e+10 [-41.64, 102.14] [-41.44, 103.14] [-41.24, 104.14]
1.191880e+10 [-41.64, 52.97] [-41.44, 53.97] [-41.24, 54.97]
1.237396e+10 [-41.64, -12.47] [-41.44, -11.47] [-41.24, -10.47]
1.284651e+10 [-41.62, -93.76] [-41.42, -92.76] [-41.22, -91.76]
1.333711e+10 [-41.67, 167.25] [-41.47, 168.25] [-41.27, 169.25]
1.384643e+10 [-41.82, 52.52] [-41.62, 53.52] [-41.42, 54.52]
1.437521e+10 [-41.75, -82.88] [-41.55, -81.88] [-41.35, -80.88]
1.492419e+10 [-42.10, 124.58] [-41.90, 125.58] [-41.70, 126.58]
1.549412e+10 [-42.09, -45.50] [-41.89, -44.50] [-41.69, -43.50]
1.608583e+10 [-42.11, 120.98] [-41.91, 121.98] [-41.71, 122.98]
1.670013e+10 [-41.82, -92.72] [-41.62, -91.72] [-41.42, -90.72]
1.733789e+10 [-42.20, 30.64] [-42.00, 31.64] [-41.80, 32.64]
1.800000e+10 [-42.40, 136.45] [-42.20, 137.45] [-42.00, 138.45]
