FUNIT: Hz
UNIT: dB
1.000000e+07 [-62.89, 47.70] [-62.69, 48.70] [-62.49, 49.70]
1.038189e+07 [-67.47, 173.84] [-67.27, 174.84] [-67.07, 175.84]
1.077836e+07 [-67.31, 118.60] [-67.11, 119.60] [-66.91, 120.60]
1.118997e+07 [-67.62, 166.11] [-67.42, 167.11] [-67.22, 168.11]
1.161731e+07 [-65.90, 20.35] [-65.70, 21.35] [-65.50, 22.35]
1.206096e+07 [-61.29, 67.50] [-61.09, 68.50] [-60.89, 69.50]
1.252155e+07 [-64.18, 41.15] [-63.98, 42.15] [-63.78, 43.15]
1.299974e+07 [-67.42, 102.65] [-67.22, 103.65] [-67.02, 104.65]
1.349618e+07 [-67.15, -123.70] [-66.95, -122.70] [-66.75, -121.70]
1.401158e+07 [-69.22, 47.91] [-69.02, 48.91] [-68.82, 49.91]
1.454667e+07 [-67.98, -64.78] [-67.78, -63.78] [-67.58, -62.78]
1.510219e+07 [-63.18, 83.20] [-62.98, 84.20] [-62.78, 85.20]
1.567893e+07 [-68.69, 10.48] [-68.49, 11.48] [-68.29, 12.48]
1.627769e+07 [-68.04, -16.23] [-67.84, -15.23] [-67.64, -14.23]
1.689931e+07 [-71.91, -68.68] [-71.71, -67.68] [-71.51, -66.68]
1.754468e+07 [-76.35, -57.83] [-76.15, -56.83] [-75.95, -55.83]
1.821469e+07 [-65.90, 68.44] [-65.70, 69.44] [-65.50, 70.44]
1.891029e+07 [-67.66, 46.16] [-67.46, 47.16] [-67.26, 48.16]
1.963245e+07 [-63.83, 68.02] [-63.63, 69.02] [-63.43, 70.02]
2.038219e+07 [-66.55, 15.63] [-66.35, 16.63] [-66.15, 17.63]
2.116056e+07 [-68.50, 66.32] [-68.30, 67.32] [-68.10, 68.32]
2.196866e+07 [-67.93, 40.83] [-67.73, 41.83] [-67.53, 42.83]
2.280762e+07 [-65.82, 51.49] [-65.62, 52.49] [-65.42, 53.49]
2.367862e+07 [-70.91, 40.67] [-70.71, 41.67] [-70.51, 42.67]
2.458288e+07 [-75.93, 126.56] [-75.73, 127.56] [-75.53, 128.56]
2.552167e+07 [-66.65, 4.59] [-66.45, 5.59] [-66.25, 6.59]
2.649631e+07 [-69.92, 26.65] [-69.72, 27.65] [-69.52, 28.65]
2.750818e+07 [-75.43, -25.06] [-75.23, -24.06] [-75.03, -23.06]
2.855868e+07 [-72.27, 30.24] [-72.07, 31.24] [-71.87, 32.24]
2.964930e+07 [-70.53, 10.97] [-70.33, 11.97] [-70.13, 12.97]
3.078158e+07 [-66.68, 12.67] [-66.48, 13.67] [-66.28, 14.67]
3.195709e+07 [-64.49, 33.16] [-64.29, 34.16] [-64.09, 35.16]
3.317750e+07 [-66.94, 10.12] [-66.74, 11.12] [-66.54, 12.12]
3.444451e+07 [-66.88, 14.21] [-66.68, 15.21] [-66.48, 16.21]
3.575990e+07 [-63.81, 26.35] [-63.61, 27.35] [-63.41, 28.35]
3.712553e+07 [-67.81, 18.15] [-67.61, 19.15] [-67.41, 20.15]
3.854331e+07 [-75.86, 42.34] [-75.66, 43.34] [-75.46, 44.34]
4.001524e+07 [-66.04, -10.75] [-65.84, -9.75] [-65.64, -8.75]
4.154338e+07 [-66.85, -23.50] [-66.65, -22.50] [-66.45, -21.50]
4.312987e+07 [-62.51, -24.87] [-62.31, -23.87] [-62.11, -22.87]
4.477695e+07 [-66.54, -12.38] [-66.34, -11.38] [-66.14, -10.38]
4.648693e+07 [-62.11, -10.17] [-61.91, -9.17] [-61.71, -8.17]
4.826221e+07 [-64.11, -21.18] [-63.91, -20.18] [-63.71, -19.18]
5.010529e+07 [-65.22, -31.69] [-65.02, -30.69] [-64.82, -29.69]
5.201875e+07 [-63.08, -35.65] [-62.88, -34.65] [-62.68, -33.65]
5.400529e+07 [-63.32, -29.01] [-63.12, -28.01] [-62.92, -27.01]
5.606769e+07 [-62.68, -34.70] [-62.48, -33.70] [-62.28, -32.70]
5.820885e+07 [-63.17, -54.60] [-62.97, -53.60] [-62.77, -52.60]
6.043178e+07 [-61.18, -52.86] [-60.98, -51.86] [-60.78, -50.86]
6.273960e+07 [-61.77, -62.46] [-61.57, -61.46] [-61.37, -60.46]
6.513556e+07 [-62.10, -65.05] [-61.90, -64.05] [-61.70, -63.05]
6.762301e+07 [-60.84, -72.01] [-60.64, -71.01] [-60.44, -70.01]
7.020545e+07 [-60.85, -75.73] [-60.65, -74.73] [-60.45, -73.73]
7.288652e+07 [-59.79, -85.59] [-59.59, -84.59] [-59.39, -83.59]
7.566997e+07 [-60.63, -88.96] [-60.43, -87.96] [-60.23, -86.96]
7.855972e+07 [-60.23, -93.03] [-60.03, -92.03] [-59.83, -91.03]
8.155983e+07 [-59.15, -98.01] [-58.95, -97.01] [-58.75, -96.01]
8.467450e+07 [-59.65, -108.16] [-59.45, -107.16] [-59.25, -106.16]
8.790813e+07 [-58.69, -117.78] [-58.49, -116.78] [-58.29, -115.78]
9.126524e+07 [-58.21, -122.59] [-58.01, -121.59] [-57.81, -120.59]
9.475055e+07 [-58.26, -131.75] [-58.06, -130.75] [-57.86, -129.75]
9.836897e+07 [-57.68, -139.57] [-57.48, -138.57] [-57.28, -137.57]
1.021256e+08 [-57.20, -150.08] [-57.00, -149.08] [-56.80, -148.08]
1.060256e+08 [-57.19, -151.04] [-56.99, -150.04] [-56.79, -149.04]
1.100746e+08 [-57.20, -165.79] [-57.00, -164.79] [-56.80, -163.79]
1.142782e+08 [-56.44, -174.87] [-56.24, -173.87] [-56.04, -172.87]
1.186424e+08 [-56.36, 173.10] [-56.16, 174.10] [-55.96, 175.10]
1.231732e+08 [-55.59, 163.57] [-55.39, 164.57] [-55.19, 165.57]
1.278771e+08 [-55.39, 153.46] [-55.19, 154.46] [-54.99, 155.46]
1.327605e+08 [-55.34, 141.92] [-55.14, 142.92] [-54.94, 143.92]
1.378305e+08 [-55.03, 130.39] [-54.83, 131.39] [-54.63, 132.39]
1.430941e+08 [-54.64, 119.59] [-54.44, 120.59] [-54.24, 121.59]
1.485587e+08 [-54.21, 105.36] [-54.01, 106.36] [-53.81, 107.36]
1.542320e+08 [-54.17, 94.26] [-53.97, 95.26] [-53.77, 96.26]
1.601219e+08 [-53.88, 79.36] [-53.68, 80.36] [-53.48, 81.36]
1.662368e+08 [-53.33, 64.85] [-53.13, 65.85] [-52.93, 66.85]
1.725852e+08 [-53.00, 51.00] [-52.80, 52.00] [-52.60, 53.00]
1.791760e+08 [-52.76, 36.16] [-52.56, 37.16] [-52.36, 38.16]
1.860186e+08 [-52.56, 19.65] [-52.36, 20.65] [-52.16, 21.65]
1.931224e+08 [-52.13, 3.44] [-51.93, 4.44] [-51.73, 5.44]
2.004975e+08 [-51.81, -13.09] [-51.61, -12.09] [-51.41, -11.09]
2.081543e+08 [-51.43, -30.57] [-51.23, -29.57] [-51.03, -28.57]
2.161035e+08 [-51.02, -48.99] [-50.82, -47.99] [-50.62, -46.99]
2.243562e+08 [-50.98, -68.88] [-50.78, -67.88] [-50.58, -66.88]
2.329241e+08 [-50.65, -87.96] [-50.45, -86.96] [-50.25, -85.96]
2.418192e+08 [-50.26, -108.65] [-50.06, -107.65] [-49.86, -106.65]
2.510540e+08 [-50.03, -129.29] [-49.83, -128.29] [-49.63, -127.29]
2.606415e+08 [-49.60, -151.77] [-49.40, -150.77] [-49.20, -149.77]
2.705951e+08 [-49.31, -174.22] [-49.11, -173.22] [-48.91, -172.22]
2.809288e+08 [-49.11, 162.12] [-48.91, 163.12] [-48.71, 164.12]
2.916571e+08 [-48.82, 137.35] [-48.62, 138.35] [-48.42, 139.35]
3.027952e+08 [-48.41, 111.80] [-48.21, 112.80] [-48.01, 113.80]
3.143586e+08 [-48.16, 85.10] [-47.96, 86.10] [-47.76, 87.10]
3.263636e+08 [-47.82, 57.80] [-47.62, 58.80] [-47.42, 59.80]
3.388271e+08 [-47.55, 29.01] [-47.35, 30.01] [-47.15, 31.01]
3.517665e+08 [-47.26, -0.73] [-47.06, 0.27] [-46.86, 1.27]
3.652000e+08 [-47.00, -31.74] [-46.80, -30.74] [-46.60, -29.74]
3.791466e+08 [-46.68, -63.55] [-46.48, -62.55] [-46.28, -61.55]
3.936258e+08 [-46.40, -96.96] [-46.20, -95.96] [-46.00, -94.96]
4.086579e+08 [-46.13, -131.11] [-45.93, -130.11] [-45.73, -129.11]
4.242641e+08 [-45.80, -167.24] [-45.60, -166.24] [-45.40, -165.24]
4.404662e+08 [-45.58, 155.64] [-45.38, 156.64] [-45.18, 157.64]
4.572871e+08 [-45.26, 116.83] [-45.06, 117.83] [-44.86, 118.83]
4.747504e+08 [-44.96, 76.89] [-44.76, 77.89] [-44.56, 78.89]
4.928806e+08 [-44.69, 35.06] [-44.49, 36.06] [-44.29, 37.06]
5.117031e+08 [-44.44, -8.17] [-44.24, -7.17] [-44.04, -6.17]
5.312445e+08 [-44.15, -53.02] [-43.95, -52.02] [-43.75, -51.02]
5.515321e+08 [-43.91, -99.49] [-43.71, -98.49] [-43.51, -97.49]
5.725945e+08 [-43.62, -147.86] [-43.42, -146.86] [-43.22, -145.86]
5.944612e+08 [-43.37, 161.90] [-43.17, 162.90] [-42.97, 163.90]
6.171630e+08 [-43.13, 109.96] [-42.93, 110.96] [-42.73, 111.96]
6.407317e+08 [-42.86, 55.75] [-42.66, 56.75] [-42.46, 57.75]
6.652006e+08 [-42.61, -0.40] [-42.41, 0.60] [-42.21, 1.60]
6.906038e+08 [-42.36, -58.78] [-42.16, -57.78] [-41.96, -56.78]
7.169772e+08 [-42.14, -119.46] [-41.94, -118.46] [-41.74, -117.46]
7.443577e+08 [-41.91, 177.63] [-41.71, 178.63] [-41.51, 179.63]
7.727839e+08 [-41.71, 112.32] [-41.51, 113.32] [-41.31, 114.32]
8.022956e+08 [-41.48, 44.66] [-41.28, 45.66] [-41.08, 46.66]
8.329344e+08 [-41.26, -25.82] [-41.06, -24.82] [-40.86, -23.82]
8.647432e+08 [-41.07, -98.94] [-40.87, -97.94] [-40.67, -96.94]
8.977667e+08 [-40.86, -174.89] [-40.66, -173.89] [-40.46, -172.89]
9.320514e+08 [-40.69, 106.39] [-40.49, 107.39] [-40.29, 108.39]
9.676454e+08 [-40.53, 24.52] [-40.33, 25.52] [-40.13, 26.52]
1.004599e+09 [-40.36, -60.33] [-40.16, -59.33] [-39.96, -58.33]
1.042963e+09 [-40.20, -148.71] [-40.00, -147.71] [-39.80, -146.71]
1.082793e+09 [-40.07, 119.60] [-39.87, 120.60] [-39.67, 121.60]
1.124143e+09 [-39.96, 24.45] [-39.76, 25.45] [-39.56, 26.45]
1.167073e+09 [-39.87, -74.43] [-39.67, -73.43] [-39.47, -72.43]
1.211642e+09 [-39.78, -177.10] [-39.58, -176.10] [-39.38, -175.10]
1.257913e+09 [-39.72, 76.28] [-39.52, 77.28] [-39.32, 78.28]
1.305952e+09 [-39.68, -34.53] [-39.48, -33.53] [-39.28, -32.53]
1.355825e+09 [-39.65, -149.52] [-39.45, -148.52] [-39.25, -147.52]
1.407602e+09 [-39.66, 91.03] [-39.46, 92.03] [-39.26, 93.03]
1.461357e+09 [-39.69, -33.08] [-39.49, -32.08] [-39.29, -31.08]
1.517164e+09 [-39.75, -162.05] [-39.55, -161.05] [-39.35, -160.05]
1.575103e+09 [-39.84, 63.90] [-39.64, 64.90] [-39.44, 65.90]
1.635254e+09 [-39.93, -75.42] [-39.73, -74.42] [-39.53, -73.42]
1.697703e+09 [-40.08, 139.73] [-39.88, 140.73] [-39.68, 141.73]
1.762536e+09 [-40.26, -10.72] [-40.06, -9.72] [-39.86, -8.72]
1.829845e+09 [-40.45, -167.39] [-40.25, -166.39] [-40.05, -165.39]
1.899725e+09 [-40.67, 29.83] [-40.47, 30.83] [-40.27, 31.83]
1.972273e+09 [-40.93, -139.54] [-40.73, -138.54] [-40.53, -137.54]
2.047592e+09 [-41.19, 44.28] [-40.99, 45.28] [-40.79, 46.28]
2.125787e+09 [-41.50, -139.28] [-41.30, -138.28] [-41.10, -137.28]
2.206969e+09 [-41.74, 30.65] [-41.54, 31.65] [-41.34, 32.65]
2.291250e+09 [-41.94, -167.59] [-41.74, -166.59] [-41.54, -165.59]
2.378751e+09 [-42.07, -14.38] [-41.87, -13.38] [-41.67, -12.38]
2.469592e+09 [-42.19, 131.15] [-41.99, 132.15] [-41.79, 133.15]
2.563903e+09 [-41.98, -90.94] [-41.78, -89.94] [-41.58, -88.94]
2.661816e+09 [-41.89, 40.01] [-41.69, 41.01] [-41.49, 42.01]
2.763468e+09 [-41.72, 158.58] [-41.52, 159.58] [-41.32, 160.58]
2.869001e+09 [-41.42, -89.06] [-41.22, -88.06] [-41.02, -87.06]
2.978565e+09 [-41.12, 14.58] [-40.92, 15.58] [-40.72, 16.58]
3.092313e+09 [-40.77, 109.32] [-40.57, 110.32] [-40.37, 111.32]
3.210405e+09 [-40.50, -164.94] [-40.30, -163.94] [-40.10, -162.94]
3.333007e+09 [-40.27, -89.21] [-40.07, -88.21] [-39.87, -87.21]
3.460290e+09 [-40.14, -23.72] [-39.94, -22.72] [-39.74, -21.72]
3.592435e+09 [-40.17, 31.28] [-39.97, 32.28] [-39.77, 33.28]
3.729626e+09 [-40.37, 75.23] [-40.17, 76.23] [-39.97, 77.23]
3.872056e+09 [-40.79, 107.37] [-40.59, 108.37] [-40.39, 109.37]
4.019925e+09 [-41.45, 127.79] [-41.25, 128.79] [-41.05, 129.79]
4.173442e+09 [-42.52, 135.46] [-42.32, 136.46] [-42.12, 137.46]
4.332821e+09 [-44.05, 129.95] [-43.85, 130.95] [-43.65, 131.95]
4.498286e+09 [-46.43, 111.20] [-46.23, 112.20] [-46.03, 113.20]
4.670071e+09 [-50.38, 78.46] [-50.18, 79.46] [-49.98, 80.46]
4.848415e+09 [-59.15, 36.39] [-58.95, 37.39] [-58.75, 38.39]
5.033571e+09 [-60.05, 129.88] [-59.85, 130.88] [-59.65, 131.88]
5.225797e+09 [-50.24, 57.53] [-50.04, 58.53] [-49.84, 59.53]
5.425364e+09 [-45.88, -38.67] [-45.68, -37.67] [-45.48, -36.67]
5.632553e+09 [-43.25, -153.49] [-43.05, -152.49] [-42.85, -151.49]
5.847653e+09 [-41.73, 73.36] [-41.53, 74.36] [-41.33, 75.36]
6.070969e+09 [-40.58, -79.19] [-40.38, -78.19] [-40.18, -77.19]
6.302812e+09 [-40.06, 108.75] [-39.86, 109.75] [-39.66, 110.75]
6.543509e+09 [-40.13, -86.22] [-39.93, -85.22] [-39.73, -84.22]
6.793398e+09 [-40.60, 55.34] [-40.40, 56.34] [-40.20, 57.34]
7.052830e+09 [-41.47, 172.57] [-41.27, 173.57] [-41.07, 174.57]
7.322170e+09 [-42.37, -98.10] [-42.17, -97.10] [-41.97, -96.10]
7.601795e+09 [-42.83, -36.65] [-42.63, -35.65] [-42.43, -34.65]
7.892099e+09 [-42.49, -0.13] [-42.29, 0.87] [-42.09, 1.87]
8.193489e+09 [-41.79, 15.28] [-41.59, 16.28] [-41.39, 17.28]
8.506389e+09 [-41.30, 10.18] [-41.10, 11.18] [-40.90, 12.18]
8.831239e+09 [-41.49, -19.35] [-41.29, -18.35] [-41.09, -17.35]
9.168493e+09 [-43.01, -74.91] [-42.81, -73.91] [-42.61, -72.91]
9.518628e+09 [-46.41, -156.31] [-46.21, -155.31] [-46.01, -154.31]
9.882133e+09 [-55.31, 99.16] [-55.11, 100.16] [-54.91, 101.16]
1.025952e+10 [-52.37, 126.72] [-52.17, 127.72] [-51.97, 128.72]
1.065132e+10 [-45.55, -60.43] [-45.35, -59.43] [-45.15, -58.43]
1.105808e+10 [-42.02, 81.51] [-41.82, 82.51] [-41.62, 83.51]
1.148038e+10 [-41.54, -171.80] [-41.34, -170.80] [-41.14, -169.80]
1.191880e+10 [-44.83, -136.34] [-44.63, -135.34] [-44.43, -134.34]
1.237396e+10 [-44.90, -84.75] [-44.70, -83.75] [-44.50, -82.75]
1.284651e+10 [-44.68, -121.68] [-44.48, -120.68] [-44.28, -119.68]
1.333711e+10 [-44.95, 138.36] [-44.75, 139.36] [-44.55, 140.36]
1.384643e+10 [-44.30, 64.58] [-44.10, 65.58] [-43.90, 66.58]
1.437521e+10 [-47.62, -42.43] [-47.42, -41.43] [-47.22, -40.43]
1.492419e+10 [-45.43, -29.99] [-45.23, -28.99] [-45.03, -27.99]
1.549412e+10 [-48.75, 76.72] [-48.55, 77.72] [-48.35, 78.72]
1.608583e+10 [-45.25, 144.10] [-45.05, 145.10] [-44.85, 146.10]
1.670013e+10 [-41.59, 171.00] [-41.39, 172.00] [-41.19, 173.00]
1.733789e+10 [-44.19, 138.55] [-43.99, 139.55] [-43.79, 140.55]
1.800000e+10 [-45.52, -1.33] [-45.32, -0.33] [-45.12, 0.67]
