FUNIT: Hz
UNIT: dB
1.000000e+07 [-70.84, 42.68] [-70.64, 43.68] [-70.44, 44.68]
1.038189e+07 [-81.22, -86.21] [-81.02, -85.21] [-80.82, -84.21]
1.077836e+07 [-64.31, 111.91] [-64.11, 112.91] [-63.91, 113.91]
1.118997e+07 [-73.55, 156.85] [-73.35, 157.85] [-73.15, 158.85]
1.161731e+07 [-77.42, 105.82] [-77.22, 106.82] [-77.02, 107.82]
1.206096e+07 [-63.27, -79.01] [-63.07, -78.01] [-62.87, -77.01]
1.252155e+07 [-73.51, 38.14] [-73.31, 39.14] [-73.11, 40.14]
1.299974e+07 [-65.69, 66.07] [-65.49, 67.07] [-65.29, 68.07]
1.349618e+07 [-71.06, 83.61] [-70.86, 84.61] [-70.66, 85.61]
1.401158e+07 [-81.38, 38.06] [-81.18, 39.06] [-80.98, 40.06]
1.454667e+07 [-78.25, -178.82] [-78.05, -177.82] [-77.85, -176.82]
1.510219e+07 [-66.83, 65.39] [-66.63, 66.39] [-66.43, 67.39]
1.567893e+07 [-81.40, 39.68] [-81.20, 40.68] [-81.00, 41.68]
1.627769e+07 [-80.63, 44.17] [-80.43, 45.17] [-80.23, 46.17]
1.689931e+07 [-68.75, 71.02] [-68.55, 72.02] [-68.35, 73.02]
1.754468e+07 [-68.22, 101.32] [-68.02, 102.32] [-67.82, 103.32]
1.821469e+07 [-69.08, 121.39] [-68.88, 122.39] [-68.68, 123.39]
1.891029e+07 [-78.82, 72.41] [-78.62, 73.41] [-78.42, 74.41]
1.963245e+07 [-70.59, 14.89] [-70.39, 15.89] [-70.19, 16.89]
2.038219e+07 [-69.60, 64.28] [-69.40, 65.28] [-69.20, 66.28]
2.116056e+07 [-70.96, 57.72] [-70.76, 58.72] [-70.56, 59.72]
2.196866e+07 [-73.33, -17.58] [-73.13, -16.58] [-72.93, -15.58]
2.280762e+07 [-71.05, 90.90] [-70.85, 91.90] [-70.65, 92.90]
2.367862e+07 [-68.63, 41.29] [-68.43, 42.29] [-68.23, 43.29]
2.458288e+07 [-71.70, 75.01] [-71.50, 76.01] [-71.30, 77.01]
2.552167e+07 [-68.55, 63.03] [-68.35, 64.03] [-68.15, 65.03]
2.649631e+07 [-68.12, 35.16] [-67.92, 36.16] [-67.72, 37.16]
2.750818e+07 [-67.97, 70.59] [-67.77, 71.59] [-67.57, 72.59]
2.855868e+07 [-69.55, 41.56] [-69.35, 42.56] [-69.15, 43.56]
2.964930e+07 [-67.42, 49.99] [-67.22, 50.99] [-67.02, 51.99]
3.078158e+07 [-66.63, 35.23] [-66.43, 36.23] [-66.23, 37.23]
3.195709e+07 [-66.46, 42.70] [-66.26, 43.70] [-66.06, 44.70]
3.317750e+07 [-68.66, 55.59] [-68.46, 56.59] [-68.26, 57.59]
3.444451e+07 [-66.34, 46.06] [-66.14, 47.06] [-65.94, 48.06]
3.575990e+07 [-70.62, 34.42] [-70.42, 35.42] [-70.22, 36.42]
3.712553e+07 [-65.54, 44.02] [-65.34, 45.02] [-65.14, 46.02]
3.854331e+07 [-65.31, 42.49] [-65.11, 43.49] [-64.91, 44.49]
4.001524e+07 [-66.33, 22.76] [-66.13, 23.76] [-65.93, 24.76]
4.154338e+07 [-66.00, 21.72] [-65.80, 22.72] [-65.60, 23.72]
4.312987e+07 [-65.22, 28.11] [-65.02, 29.11] [-64.82, 30.11]
4.477695e+07 [-64.44, 23.94] [-64.24, 24.94] [-64.04, 25.94]
4.648693e+07 [-64.51, 9.92] [-64.31, 10.92] [-64.11, 11.92]
4.826221e+07 [-64.30, 28.68] [-64.10, 29.68] [-63.90, 30.68]
5.010529e+07 [-63.43, 17.33] [-63.23, 18.33] [-63.03, 19.33]
5.201875e+07 [-63.24, 19.77] [-63.04, 20.77] [-62.84, 21.77]
5.400529e+07 [-63.98, 12.96] [-63.78, 13.96] [-63.58, 14.96]
5.606769e+07 [-64.11, 15.89] [-63.91, 16.89] [-63.71, 17.89]
5.820885e+07 [-62.66, 11.18] [-62.46, 12.18] [-62.26, 13.18]
6.043178e+07 [-62.98, 9.00] [-62.78, 10.00] [-62.58, 11.00]
6.273960e+07 [-62.82, 3.29] [-62.62, 4.29] [-62.42, 5.29]
6.513556e+07 [-61.81, -0.52] [-61.61, 0.48] [-61.41, 1.48]
6.762301e+07 [-61.96, 0.73] [-61.76, 1.73] [-61.56, 2.73]
7.020545e+07 [-61.62, -6.29] [-61.42, -5.29] [-61.22, -4.29]
7.288652e+07 [-60.70, -11.12] [-60.50, -10.12] [-60.30, -9.12]
7.566997e+07 [-60.96, -11.04] [-60.76, -10.04] [-60.56, -9.04]
7.855972e+07 [-60.73, -17.73] [-60.53, -16.73] [-60.33, -15.73]
8.155983e+07 [-59.80, -20.91] [-59.60, -19.91] [-59.40, -18.91]
8.467450e+07 [-59.32, -25.32] [-59.12, -24.32] [-58.92, -23.32]
8.790813e+07 [-59.47, -30.09] [-59.27, -29.09] [-59.07, -28.09]
9.126524e+07 [-58.63, -33.74] [-58.43, -32.74] [-58.23, -31.74]
9.475055e+07 [-58.93, -38.93] [-58.73, -37.93] [-58.53, -36.93]
9.836897e+07 [-58.65, -42.71] [-58.45, -41.71] [-58.25, -40.71]
1.021256e+08 [-58.00, -48.07] [-57.80, -47.07] [-57.60, -46.07]
1.060256e+08 [-57.86, -53.62] [-57.66, -52.62] [-57.46, -51.62]
1.100746e+08 [-57.38, -58.67] [-57.18, -57.67] [-56.98, -56.67]
1.142782e+08 [-57.19, -65.92] [-56.99, -64.92] [-56.79, -63.92]
1.186424e+08 [-56.68, -70.23] [-56.48, -69.23] [-56.28, -68.23]
1.231732e+08 [-56.66, -76.99] [-56.46, -75.99] [-56.26, -74.99]
1.278771e+08 [-56.25, -82.22] [-56.05, -81.22] [-55.85, -80.22]
1.327605e+08 [-55.72, -88.61] [-55.52, -87.61] [-55.32, -86.61]
1.378305e+08 [-55.55, -94.67] [-55.35, -93.67] [-55.15, -92.67]
1.430941e+08 [-54.93, -102.72] [-54.73, -101.72] [-54.53, -100.72]
1.485587e+08 [-54.91, -110.59] [-54.71, -109.59] [-54.51, -108.59]
1.542320e+08 [-54.61, -118.67] [-54.41, -117.67] [-54.21, -116.67]
1.601219e+08 [-54.29, -125.47] [-54.09, -124.47] [-53.89, -123.47]
1.662368e+08 [-53.82, -133.30] [-53.62, -132.30] [-53.42, -131.30]
1.725852e+08 [-53.51, -141.98] [-53.31, -140.98] [-53.11, -139.98]
1.791760e+08 [-53.21, -151.36] [-53.01, -150.36] [-52.81, -149.36]
1.860186e+08 [-52.90, -159.70] [-52.70, -158.70] [-52.50, -157.70]
1.931224e+08 [-52.70, -169.61] [-52.50, -168.61] [-52.30, -167.61]
2.004975e+08 [-52.33, -179.31] [-52.13, -178.31] [-51.93, -177.31]
2.081543e+08 [-51.99, 171.10] [-51.79, 172.10] [-51.59, 173.10]
2.161035e+08 [-51.76, 160.44] [-51.56, 161.44] [-51.36, 162.44]
2.243562e+08 [-51.46, 149.27] [-51.26, 150.27] [-51.06, 151.27]
2.329241e+08 [-51.06, 137.36] [-50.86, 138.36] [-50.66, 139.36]
2.418192e+08 [-50.79, 125.50] [-50.59, 126.50] [-50.39, 127.50]
2.510540e+08 [-50.53, 113.73] [-50.33, 114.73] [-50.13, 115.73]
2.606415e+08 [-50.14, 100.84] [-49.94, 101.84] [-49.74, 102.84]
2.705951e+08 [-49.87, 87.42] [-49.67, 88.42] [-49.47, 89.42]
2.809288e+08 [-49.56, 73.92] [-49.36, 74.92] [-49.16, 75.92]
2.916571e+08 [-49.25, 59.20] [-49.05, 60.20] [-48.85, 61.20]
3.027952e+08 [-48.96, 44.88] [-48.76, 45.88] [-48.56, 46.88]
3.143586e+08 [-48.64, 29.19] [-48.44, 30.19] [-48.24, 31.19]
3.263636e+08 [-48.32, 13.09] [-48.12, 14.09] [-47.92, 15.09]
3.388271e+08 [-48.07, -3.29] [-47.87, -2.29] [-47.67, -1.29]
3.517665e+08 [-47.74, -20.50] [-47.54, -19.50] [-47.34, -18.50]
3.652000e+08 [-47.41, -38.60] [-47.21, -37.60] [-47.01, -36.60]
3.791466e+08 [-47.12, -56.79] [-46.92, -55.79] [-46.72, -54.79]
3.936258e+08 [-46.82, -76.32] [-46.62, -75.32] [-46.42, -74.32]
4.086579e+08 [-46.53, -96.45] [-46.33, -95.45] [-46.13, -94.45]
4.242641e+08 [-46.25, -117.27] [-46.05, -116.27] [-45.85, -115.27]
4.404662e+08 [-45.96, -138.67] [-45.76, -137.67] [-45.56, -136.67]
4.572871e+08 [-45.66, -161.19] [-45.46, -160.19] [-45.26, -159.19]
4.747504e+08 [-45.39, 175.41] [-45.19, 176.41] [-44.99, 177.41]
4.928806e+08 [-45.10, 151.47] [-44.90, 152.47] [-44.70, 153.47]
5.117031e+08 [-44.83, 126.43] [-44.63, 127.43] [-44.43, 128.43]
5.312445e+08 [-44.55, 100.41] [-44.35, 101.41] [-44.15, 102.41]
5.515321e+08 [-44.27, 73.29] [-44.07, 74.29] [-43.87, 75.29]
5.725945e+08 [-44.02, 45.27] [-43.82, 46.27] [-43.62, 47.27]
5.944612e+08 [-43.75, 16.15] [-43.55, 17.15] [-43.35, 18.15]
6.171630e+08 [-43.48, -14.15] [-43.28, -13.15] [-43.08, -12.15]
6.407317e+08 [-43.23, -45.50] [-43.03, -44.50] [-42.83, -43.50]
6.652006e+08 [-42.98, -78.02] [-42.78, -77.02] [-42.58, -76.02]
6.906038e+08 [-42.74, -111.91] [-42.54, -110.91] [-42.34, -109.91]
7.169772e+08 [-42.48, -147.06] [-42.28, -146.06] [-42.08, -145.06]
7.443577e+08 [-42.24, 176.50] [-42.04, 177.50] [-41.84, 178.50]
7.727839e+08 [-42.02, 138.54] [-41.82, 139.54] [-41.62, 140.54]
8.022956e+08 [-41.80, 99.20] [-41.60, 100.20] [-41.40, 101.20]
8.329344e+08 [-41.59, 58.42] [-41.39, 59.42] [-41.19, 60.42]
8.647432e+08 [-41.39, 16.01] [-41.19, 17.01] [-40.99, 18.01]
8.977667e+08 [-41.19, -28.12] [-40.99, -27.12] [-40.79, -26.12]
9.320514e+08 [-41.02, -73.82] [-40.82, -72.82] [-40.62, -71.82]
9.676454e+08 [-40.85, -120.95] [-40.65, -119.95] [-40.45, -118.95]
1.004599e+09 [-40.67, -170.37] [-40.47, -169.37] [-40.27, -168.37]
1.042963e+09 [-40.54, 137.93] [-40.34, 138.93] [-40.14, 139.93]
1.082793e+09 [-40.41, 84.70] [-40.21, 85.70] [-40.01, 86.70]
1.124143e+09 [-40.29, 29.43] [-40.09, 30.43] [-39.89, 31.43]
1.167073e+09 [-40.19, -28.03] [-39.99, -27.03] [-39.79, -26.03]
1.211642e+09 [-40.10, -87.73] [-39.90, -86.73] [-39.70, -85.73]
1.257913e+09 [-40.03, -149.76] [-39.83, -148.76] [-39.63, -147.76]
1.305952e+09 [-40.00, 145.74] [-39.80, 146.74] [-39.60, 147.74]
1.355825e+09 [-39.99, 78.81] [-39.79, 79.81] [-39.59, 80.81]
1.407602e+09 [-39.98, 9.20] [-39.78, 10.20] [-39.58, 11.20]
1.461357e+09 [-40.01, -63.18] [-39.81, -62.18] [-39.61, -61.18]
1.517164e+09 [-40.09, -138.38] [-39.89, -137.38] [-39.69, -136.38]
1.575103e+09 [-40.18, 143.39] [-39.98, 144.39] [-39.78, 145.39]
1.635254e+09 [-40.29, 62.08] [-40.09, 63.08] [-39.89, 64.08]
1.697703e+09 [-40.43, -22.62] [-40.23, -21.62] [-40.03, -20.62]
1.762536e+09 [-40.63, -110.62] [-40.43, -109.62] [-40.23, -108.62]
1.829845e+09 [-40.85, 157.75] [-40.65, 158.75] [-40.45, 159.75]
1.899725e+09 [-41.09, 62.20] [-40.89, 63.20] [-40.69, 64.20]
1.972273e+09 [-41.36, -37.39] [-41.16, -36.39] [-40.96, -35.39]
2.047592e+09 [-41.65, -141.12] [-41.45, -140.12] [-41.25, -139.12]
2.125787e+09 [-41.96, 110.68] [-41.76, 111.68] [-41.56, 112.68]
2.206969e+09 [-42.22, -2.09] [-42.02, -1.09] [-41.82, -0.09]
2.291250e+09 [-42.43, -120.04] [-42.23, -119.04] [-42.03, -118.04]
2.378751e+09 [-42.62, 116.86] [-42.42, 117.86] [-42.22, 118.86]
2.469592e+09 [-42.68, -10.45] [-42.48, -9.45] [-42.28, -8.45]
2.563903e+09 [-42.62, -142.23] [-42.42, -141.23] [-42.22, -140.23]
2.661816e+09 [-42.46, 81.58] [-42.26, 82.58] [-42.06, 83.58]
2.763468e+09 [-42.19, -60.12] [-41.99, -59.12] [-41.79, -58.12]
2.869001e+09 [-41.85, 153.20] [-41.65, 154.20] [-41.45, 155.20]
2.978565e+09 [-41.46, 1.87] [-41.26, 2.87] [-41.06, 3.87]
3.092313e+09 [-41.11, -154.03] [-40.91, -153.03] [-40.71, -152.03]
3.210405e+09 [-40.77, 45.24] [-40.57, 46.24] [-40.37, 47.24]
3.333007e+09 [-40.52, -121.22] [-40.32, -120.22] [-40.12, -119.22]
3.460290e+09 [-40.40, 66.99] [-40.20, 67.99] [-40.00, 68.99]
3.592435e+09 [-40.40, -111.07] [-40.20, -110.07] [-40.00, -109.07]
3.729626e+09 [-40.59, 64.83] [-40.39, 65.83] [-40.19, 66.83]
3.872056e+09 [-41.04, -125.99] [-40.84, -124.99] [-40.64, -123.99]
4.019925e+09 [-41.78, 35.94] [-41.58, 36.94] [-41.38, 37.94]
4.173442e+09 [-42.92, -169.59] [-42.72, -168.59] [-42.52, -167.59]
4.332821e+09 [-44.57, -22.92] [-44.37, -21.92] [-44.17, -20.92]
4.498286e+09 [-47.16, 115.15] [-46.96, 116.15] [-46.76, 117.15]
4.670071e+09 [-51.65, -118.69] [-51.45, -117.69] [-51.25, -116.69]
4.848415e+09 [-61.87, -30.43] [-61.67, -29.43] [-61.47, -28.43]
5.033571e+09 [-55.54, -27.87] [-55.34, -26.87] [-55.14, -25.87]
5.225797e+09 [-48.43, 64.33] [-48.23, 65.33] [-48.03, 66.33]
5.425364e+09 [-44.65, 155.75] [-44.45, 156.75] [-44.25, 157.75]
5.632553e+09 [-42.35, -121.55] [-42.15, -120.55] [-41.95, -119.55]
5.847653e+09 [-40.80, -49.34] [-40.60, -48.34] [-40.40, -47.34]
6.070969e+09 [-39.95, 11.82] [-39.75, 12.82] [-39.55, 13.82]
6.302812e+09 [-39.67, 62.29] [-39.47, 63.29] [-39.27, 64.29]
6.543509e+09 [-39.69, 98.54] [-39.49, 99.54] [-39.29, 100.54]
6.793398e+09 [-40.33, 120.85] [-40.13, 121.85] [-39.93, 122.85]
7.052830e+09 [-41.14, 126.93] [-40.94, 127.93] [-40.74, 128.93]
7.322170e+09 [-42.01, 114.50] [-41.81, 115.50] [-41.61, 116.50]
7.601795e+09 [-42.47, 84.57] [-42.27, 85.57] [-42.07, 86.57]
7.892099e+09 [-42.13, 40.67] [-41.93, 41.67] [-41.73, 42.67]
8.193489e+09 [-41.55, -13.40] [-41.35, -12.40] [-41.15, -11.40]
8.506389e+09 [-41.41, -78.36] [-41.21, -77.36] [-41.01, -76.36]
8.831239e+09 [-41.88, -155.63] [-41.68, -154.63] [-41.48, -153.63]
9.168493e+09 [-44.11, 113.10] [-43.91, 114.10] [-43.71, 115.10]
9.518628e+09 [-49.74, 1.16] [-49.54, 2.16] [-49.34, 3.16]
9.882133e+09 [-61.41, 99.50] [-61.21, 100.50] [-61.01, 101.50]
1.025952e+10 [-48.78, -71.73] [-48.58, -70.73] [-48.38, -69.73]
1.065132e+10 [-42.79, 125.58] [-42.59, 126.58] [-42.39, 127.58]
1.105808e+10 [-39.20, -54.71] [-39.00, -53.71] [-38.80, -52.71]
1.148038e+10 [-38.90, 98.40] [-38.70, 99.40] [-38.50, 100.40]
1.191880e+10 [-40.40, -159.90] [-40.20, -158.90] [-40.00, -157.90]
1.237396e+10 [-43.36, -35.06] [-43.16, -34.06] [-42.96, -33.06]
1.284651e+10 [-43.90, 25.93] [-43.70, 26.93] [-43.50, 27.93]
1.333711e+10 [-41.02, 71.63] [-40.82, 72.63] [-40.62, 73.63]
1.384643e+10 [-43.90, 99.52] [-43.70, 100.52] [-43.50, 101.52]
1.437521e+10 [-42.99, -152.49] [-42.79, -151.49] [-42.59, -150.49]
1.492419e+10 [-41.17, -179.30] [-40.97, -178.30] [-40.77, -177.30]
1.549412e+10 [-46.70, -146.23] [-46.50, -145.23] [-46.30, -144.23]
1.608583e+10 [-41.94, 171.78] [-41.74, 172.78] [-41.54, 173.78]
1.670013e+10 [-42.30, 79.91] [-42.10, 80.91] [-41.90, 81.91]
1.733789e+10 [-41.27, -91.07] [-41.07, -90.07] [-40.87, -89.07]
1.800000e+10 [-43.19, 127.81] [-42.99, 128.81] [-42.79, 129.81]
