FUNIT: Hz
UNIT: dB
1.000000e+07 [-68.85, -100.76] [-68.65, -99.76] [-68.45, -98.76]
1.038189e+07 [-60.69, 139.89] [-60.49, 140.89] [-60.29, 141.89]
1.077836e+07 [-75.49, -94.66] [-75.29, -93.66] [-75.09, -92.66]
1.118997e+07 [-65.91, 93.24] [-65.71, 94.24] [-65.51, 95.24]
1.161731e+07 [-64.60, -134.70] [-64.40, -133.70] [-64.20, -132.70]
1.206096e+07 [-66.90, -76.99] [-66.70, -75.99] [-66.50, -74.99]
1.252155e+07 [-64.04, 21.00] [-63.84, 22.00] [-63.64, 23.00]
1.299974e+07 [-69.61, 47.97] [-69.41, 48.97] [-69.21, 49.97]
1.349618e+07 [-72.25, 98.43] [-72.05, 99.43] [-71.85, 100.43]
1.401158e+07 [-66.63, -65.10] [-66.43, -64.10] [-66.23, -63.10]
1.454667e+07 [-70.43, 105.88] [-70.23, 106.88] [-70.03, 107.88]
1.510219e+07 [-66.11, 42.59] [-65.91, 43.59] [-65.71, 44.59]
1.567893e+07 [-71.39, -179.84] [-71.19, -178.84] [-70.99, -177.84]
1.627769e+07 [-73.54, 9.49] [-73.34, 10.49] [-73.14, 11.49]
1.689931e+07 [-82.56, -134.03] [-82.36, -133.03] [-82.16, -132.03]
1.754468e+07 [-68.83, -24.59] [-68.63, -23.59] [-68.43, -22.59]
1.821469e+07 [-71.86, -99.41] [-71.66, -98.41] [-71.46, -97.41]
1.891029e+07 [-74.67, 36.72] [-74.47, 37.72] [-74.27, 38.72]
1.963245e+07 [-70.47, -89.87] [-70.27, -88.87] [-70.07, -87.87]
2.038219e+07 [-81.58, -31.25] [-81.38, -30.25] [-81.18, -29.25]
2.116056e+07 [-67.39, 84.03] [-67.19, 85.03] [-66.99, 86.03]
2.196866e+07 [-76.67, 55.36] [-76.47, 56.36] [-76.27, 57.36]
2.280762e+07 [-68.24, 72.97] [-68.04, 73.97] [-67.84, 74.97]
2.367862e+07 [-71.64, 23.08] [-71.44, 24.08] [-71.24, 25.08]
2.458288e+07 [-71.46, 20.76] [-71.26, 21.76] [-71.06, 22.76]
2.552167e+07 [-71.95, -23.38] [-71.75, -22.38] [-71.55, -21.38]
2.649631e+07 [-71.12, 55.85] [-70.92, 56.85] [-70.72, 57.85]
2.750818e+07 [-70.79, 130.48] [-70.59, 131.48] [-70.39, 132.48]
2.855868e+07 [-73.93, -47.45] [-73.73, -46.45] [-73.53, -45.45]
2.964930e+07 [-75.38, -16.99] [-75.18, -15.99] [-74.98, -14.99]
3.078158e+07 [-69.67, 10.84] [-69.47, 11.84] [-69.27, 12.84]
3.195709e+07 [-75.82, 136.73] [-75.62, 137.73] [-75.42, 138.73]
3.317750e+07 [-76.51, -70.01] [-76.31, -69.01] [-76.11, -68.01]
3.444451e+07 [-69.13, -15.32] [-68.93, -14.32] [-68.73, -13.32]
3.575990e+07 [-69.85, 66.05] [-69.65, 67.05] [-69.45, 68.05]
3.712553e+07 [-72.00, 82.74] [-71.80, 83.74] [-71.60, 84.74]
3.854331e+07 [-68.72, 22.30] [-68.52, 23.30] [-68.32, 24.30]
4.001524e+07 [-70.58, 41.89] [-70.38, 42.89] [-70.18, 43.89]
4.154338e+07 [-80.73, 85.77] [-80.53, 86.77] [-80.33, 87.77]
4.312987e+07 [-72.39, 49.28] [-72.19, 50.28] [-71.99, 51.28]
4.477695e+07 [-71.20, 55.33] [-71.00, 56.33] [-70.80, 57.33]
4.648693e+07 [-69.16, 44.38] [-68.96, 45.38] [-68.76, 46.38]
4.826221e+07 [-73.63, 23.84] [-73.43, 24.84] [-73.23, 25.84]
5.010529e+07 [-72.02, 30.06] [-71.82, 31.06] [-71.62, 32.06]
5.201875e+07 [-70.81, 32.15] [-70.61, 33.15] [-70.41, 34.15]
5.400529e+07 [-68.01, 14.88] [-67.81, 15.88] [-67.61, 16.88]
5.606769e+07 [-68.07, 34.17] [-67.87, 35.17] [-67.67, 36.17]
5.820885e+07 [-68.96, 3.59] [-68.76, 4.59] [-68.56, 5.59]
6.043178e+07 [-70.16, -32.92] [-69.96, -31.92] [-69.76, -30.92]
6.273960e+07 [-68.67, 4.46] [-68.47, 5.46] [-68.27, 6.46]
6.513556e+07 [-70.44, -2.69] [-70.24, -1.69] [-70.04, -0.69]
6.762301e+07 [-67.71, 14.39] [-67.51, 15.39] [-67.31, 16.39]
7.020545e+07 [-68.29, 0.31] [-68.09, 1.31] [-67.89, 2.31]
7.288652e+07 [-67.76, -6.08] [-67.56, -5.08] [-67.36, -4.08]
7.566997e+07 [-70.25, -20.07] [-70.05, -19.07] [-69.85, -18.07]
7.855972e+07 [-68.76, -15.28] [-68.56, -14.28] [-68.36, -13.28]
8.155983e+07 [-67.09, -21.62] [-66.89, -20.62] [-66.69, -19.62]
8.467450e+07 [-66.83, -27.66] [-66.63, -26.66] [-66.43, -25.66]
8.790813e+07 [-66.23, -38.82] [-66.03, -37.82] [-65.83, -36.82]
9.126524e+07 [-64.92, -40.92] [-64.72, -39.92] [-64.52, -38.92]
9.475055e+07 [-66.69, -47.42] [-66.49, -46.42] [-66.29, -45.42]
9.836897e+07 [-66.46, -61.78] [-66.26, -60.78] [-66.06, -59.78]
1.021256e+08 [-65.13, -62.62] [-64.93, -61.62] [-64.73, -60.62]
1.060256e+08 [-65.67, -57.29] [-65.47, -56.29] [-65.27, -55.29]
1.100746e+08 [-63.75, -64.89] [-63.55, -63.89] [-63.35, -62.89]
1.142782e+08 [-64.48, -80.47] [-64.28, -79.47] [-64.08, -78.47]
1.186424e+08 [-64.96, -78.77] [-64.76, -77.77] [-64.56, -76.77]
1.231732e+08 [-63.57, -85.82] [-63.37, -84.82] [-63.17, -83.82]
1.278771e+08 [-63.26, -91.11] [-63.06, -90.11] [-62.86, -89.11]
1.327605e+08 [-63.48, -101.81] [-63.28, -100.81] [-63.08, -99.81]
1.378305e+08 [-62.89, -110.54] [-62.69, -109.54] [-62.49, -108.54]
1.430941e+08 [-62.27, -116.45] [-62.07, -115.45] [-61.87, -114.45]
1.485587e+08 [-62.60, -124.06] [-62.40, -123.06] [-62.20, -122.06]
1.542320e+08 [-62.69, -130.99] [-62.49, -129.99] [-62.29, -128.99]
1.601219e+08 [-61.82, -137.54] [-61.62, -136.54] [-61.42, -135.54]
1.662368e+08 [-61.21, -148.71] [-61.01, -147.71] [-60.81, -146.71]
1.725852e+08 [-61.19, -155.37] [-60.99, -154.37] [-60.79, -153.37]
1.791760e+08 [-60.65, -164.03] [-60.45, -163.03] [-60.25, -162.03]
1.860186e+08 [-60.26, -176.83] [-60.06, -175.83] [-59.86, -174.83]
1.931224e+08 [-60.06, 172.79] [-59.86, 173.79] [-59.66, 174.79]
2.004975e+08 [-59.72, 163.58] [-59.52, 164.58] [-59.32, 165.58]
2.081543e+08 [-59.32, 149.71] [-59.12, 150.71] [-58.92, 151.71]
2.161035e+08 [-59.30, 140.70] [-59.10, 141.70] [-58.90, 142.70]
2.243562e+08 [-58.87, 131.86] [-58.67, 132.86] [-58.47, 133.86]
2.329241e+08 [-58.41, 116.41] [-58.21, 117.41] [-58.01, 118.41]
2.418192e+08 [-57.97, 106.29] [-57.77, 107.29] [-57.57, 108.29]
2.510540e+08 [-57.72, 92.70] [-57.52, 93.70] [-57.32, 94.70]
2.606415e+08 [-57.29, 78.29] [-57.09, 79.29] [-56.89, 80.29]
2.705951e+08 [-57.20, 63.17] [-57.00, 64.17] [-56.80, 65.17]
2.809288e+08 [-56.79, 50.36] [-56.59, 51.36] [-56.39, 52.36]
2.916571e+08 [-56.41, 34.30] [-56.21, 35.30] [-56.01, 36.30]
3.027952e+08 [-56.19, 18.73] [-55.99, 19.73] [-55.79, 20.73]
3.143586e+08 [-55.86, 2.09] [-55.66, 3.09] [-55.46, 4.09]
3.263636e+08 [-55.70, -14.27] [-55.50, -13.27] [-55.30, -12.27]
3.388271e+08 [-55.29, -32.17] [-55.09, -31.17] [-54.89, -30.17]
3.517665e+08 [-54.91, -49.97] [-54.71, -48.97] [-54.51, -47.97]
3.652000e+08 [-54.59, -69.86] [-54.39, -68.86] [-54.19, -67.86]
3.791466e+08 [-54.36, -90.38] [-54.16, -89.38] [-53.96, -88.38]
3.936258e+08 [-54.02, -110.41] [-53.82, -109.41] [-53.62, -108.41]
4.086579e+08 [-53.69, -131.02] [-53.49, -130.02] [-53.29, -129.02]
4.242641e+08 [-53.33, -153.76] [-53.13, -152.76] [-52.93, -151.76]
4.404662e+08 [-52.99, -177.08] [-52.79, -176.08] [-52.59, -175.08]
4.572871e+08 [-52.75, 159.68] [-52.55, 160.68] [-52.35, 161.68]
4.747504e+08 [-52.40, 134.87] [-52.20, 135.87] [-52.00, 136.87]
4.928806e+08 [-52.07, 109.35] [-51.87, 110.35] [-51.67, 111.35]
5.117031e+08 [-51.86, 82.21] [-51.66, 83.21] [-51.46, 84.21]
5.312445e+08 [-51.48, 54.80] [-51.28, 55.80] [-51.08, 56.80]
5.515321e+08 [-51.20, 25.82] [-51.00, 26.82] [-50.80, 27.82]
5.725945e+08 [-50.91, -3.69] [-50.71, -2.69] [-50.51, -1.69]
5.944612e+08 [-50.58, -34.76] [-50.38, -33.76] [-50.18, -32.76]
6.171630e+08 [-50.27, -66.86] [-50.07, -65.86] [-49.87, -64.86]
6.407317e+08 [-49.99, -100.24] [-49.79, -99.24] [-49.59, -98.24]
6.652006e+08 [-49.65, -134.96] [-49.45, -133.96] [-49.25, -132.96]
6.906038e+08 [-49.31, -170.89] [-49.11, -169.89] [-48.91, -168.89]
7.169772e+08 [-49.05, 151.74] [-48.85, 152.74] [-48.65, 153.74]
7.443577e+08 [-48.71, 113.06] [-48.51, 114.06] [-48.31, 115.06]
7.727839e+08 [-48.45, 72.66] [-48.25, 73.66] [-48.05, 74.66]
8.022956e+08 [-48.12, 31.02] [-47.92, 32.02] [-47.72, 33.02]
8.329344e+08 [-47.85, -12.43] [-47.65, -11.43] [-47.45, -10.43]
8.647432e+08 [-47.52, -57.34] [-47.32, -56.34] [-47.12, -55.34]
8.977667e+08 [-47.22, -104.28] [-47.02, -103.28] [-46.82, -102.28]
9.320514e+08 [-46.92, -152.92] [-46.72, -151.92] [-46.52, -150.92]
9.676454e+08 [-46.62, 156.76] [-46.42, 157.76] [-46.22, 158.76]
1.004599e+09 [-46.31, 104.52] [-46.11, 105.52] [-45.91, 106.52]
1.042963e+09 [-46.03, 50.04] [-45.83, 51.04] [-45.63, 52.04]
1.082793e+09 [-45.76, -6.33] [-45.56, -5.33] [-45.36, -4.33]
1.124143e+09 [-45.45, -65.01] [-45.25, -64.01] [-45.05, -63.01]
1.167073e+09 [-45.17, -125.67] [-44.97, -124.67] [-44.77, -123.67]
1.211642e+09 [-44.89, 171.18] [-44.69, 172.18] [-44.49, 173.18]
1.257913e+09 [-44.60, 105.59] [-44.40, 106.59] [-44.20, 107.59]
1.305952e+09 [-44.32, 37.64] [-44.12, 38.64] [-43.92, 39.64]
1.355825e+09 [-44.06, -33.02] [-43.86, -32.02] [-43.66, -31.02]
1.407602e+09 [-43.78, -106.38] [-43.58, -105.38] [-43.38, -104.38]
1.461357e+09 [-43.52, 177.38] [-43.32, 178.38] [-43.12, 179.38]
1.517164e+09 [-43.25, 98.36] [-43.05, 99.36] [-42.85, 100.36]
1.575103e+09 [-43.00, 16.27] [-42.80, 17.27] [-42.60, 18.27]
1.635254e+09 [-42.75, -68.85] [-42.55, -67.85] [-42.35, -66.85]
1.697703e+09 [-42.49, -157.28] [-42.29, -156.28] [-42.09, -155.28]
1.762536e+09 [-42.24, 110.88] [-42.04, 111.88] [-41.84, 112.88]
1.829845e+09 [-41.99, 15.44] [-41.79, 16.44] [-41.59, 17.44]
1.899725e+09 [-41.74, -83.63] [-41.54, -82.63] [-41.34, -81.63]
1.972273e+09 [-41.53, 173.47] [-41.33, 174.47] [-41.13, 175.47]
2.047592e+09 [-41.32, 66.66] [-41.12, 67.66] [-40.92, 68.66]
2.125787e+09 [-41.13, -44.05] [-40.93, -43.05] [-40.73, -42.05]
2.206969e+09 [-40.90, -159.02] [-40.70, -158.02] [-40.50, -157.02]
2.291250e+09 [-40.69, 81.99] [-40.49, 82.99] [-40.29, 83.99]
2.378751e+09 [-40.48, -42.55] [-40.28, -41.55] [-40.08, -40.55]
2.469592e+09 [-40.31, -171.63] [-40.11, -170.63] [-39.91, -169.63]
2.563903e+09 [-40.00, 55.31] [-39.80, 56.31] [-39.60, 57.31]
2.661816e+09 [-39.88, -81.78] [-39.68, -80.78] [-39.48, -79.78]
2.763468e+09 [-39.77, 131.79] [-39.57, 132.79] [-39.37, 133.79]
2.869001e+09 [-39.64, -17.76] [-39.44, -16.76] [-39.24, -15.76]
2.978565e+09 [-39.49, -173.29] [-39.29, -172.29] [-39.09, -171.29]
3.092313e+09 [-39.36, 25.15] [-39.16, 26.15] [-38.96, 27.15]
3.210405e+09 [-39.28, -142.33] [-39.08, -141.33] [-38.88, -140.33]
3.333007e+09 [-39.15, 43.56] [-38.95, 44.56] [-38.75, 45.56]
3.460290e+09 [-39.07, -137.48] [-38.87, -136.48] [-38.67, -135.48]
3.592435e+09 [-39.02, 34.97] [-38.82, 35.97] [-38.62, 36.97]
3.729626e+09 [-38.93, -160.17] [-38.73, -159.17] [-38.53, -158.17]
3.872056e+09 [-38.89, -2.62] [-38.69, -1.62] [-38.49, -0.62]
4.019925e+09 [-38.86, 146.72] [-38.66, 147.72] [-38.46, 148.72]
4.173442e+09 [-38.85, -71.48] [-38.65, -70.48] [-38.45, -69.48]
4.332821e+09 [-38.86, 61.44] [-38.66, 62.44] [-38.46, 63.44]
4.498286e+09 [-38.84, -174.32] [-38.64, -173.32] [-38.44, -172.32]
4.670071e+09 [-38.90, -59.24] [-38.70, -58.24] [-38.50, -57.24]
4.848415e+09 [-38.92, 46.36] [-38.72, 47.36] [-38.52, 48.36]
5.033571e+09 [-39.04, 141.94] [-38.84, 142.94] [-38.64, 143.94]
5.225797e+09 [-39.07, -132.24] [-38.87, -131.24] [-38.67, -130.24]
5.425364e+09 [-39.16, -57.57] [-38.96, -56.57] [-38.76, -55.57]
5.632553e+09 [-39.31, 6.21] [-39.11, 7.21] [-38.91, 8.21]
5.847653e+09 [-39.42, 59.11] [-39.22, 60.11] [-39.02, 61.11]
6.070969e+09 [-39.47, 99.36] [-39.27, 100.36] [-39.07, 101.36]
6.302812e+09 [-39.56, 129.13] [-39.36, 130.13] [-39.16, 131.13]
6.543509e+09 [-39.58, 144.07] [-39.38, 145.07] [-39.18, 146.07]
6.793398e+09 [-39.58, 147.04] [-39.38, 148.04] [-39.18, 149.04]
7.052830e+09 [-39.64, 135.45] [-39.44, 136.45] [-39.24, 137.45]
7.322170e+09 [-39.64, 110.14] [-39.44, 111.14] [-39.24, 112.14]
7.601795e+09 [-39.64, 70.03] [-39.44, 71.03] [-39.24, 72.03]
7.892099e+09 [-39.66, 14.59] [-39.46, 15.59] [-39.26, 16.59]
8.193489e+09 [-39.67, -57.08] [-39.47, -56.08] [-39.27, -55.08]
8.506389e+09 [-39.73, -144.80] [-39.53, -143.80] [-39.33, -142.80]
8.831239e+09 [-39.77, 110.50] [-39.57, 111.50] [-39.37, 112.50]
9.168493e+09 [-39.80, -12.20] [-39.60, -11.20] [-39.40, -10.20]
9.518628e+09 [-39.85, -152.97] [-39.65, -151.97] [-39.45, -150.97]
9.882133e+09 [-39.98, 44.45] [-39.78, 45.45] [-39.58, 46.45]
1.025952e+10 [-40.19, -137.85] [-39.99, -136.85] [-39.79, -135.85]
1.065132e+10 [-40.27, 22.77] [-40.07, 23.77] [-39.87, 24.77]
1.105808e+10 [-40.48, 159.81] [-40.28, 160.81] [-40.08, 161.81]
1.148038e+10 [-40.58, -85.38] [-40.38, -84.38] [-40.18, -83.38]
1.191880e+10 [-40.52, 6.25] [-40.32, 7.25] [-40.12, 8.25]
1.237396e+10 [-40.69, 73.24] [-40.49, 74.24] [-40.29, 75.24]
1.284651e+10 [-40.69, 115.30] [-40.49, 116.30] [-40.29, 117.30]
1.333711e+10 [-40.79, 131.44] [-40.59, 132.44] [-40.39, 133.44]
1.384643e+10 [-40.92, 120.67] [-40.72, 121.67] [-40.52, 122.67]
1.437521e+10 [-40.92, 82.80] [-40.72, 83.80] [-40.52, 84.80]
1.492419e+10 [-40.98, 15.37] [-40.78, 16.37] [-40.58, 17.37]
1.549412e+10 [-40.90, -85.26] [-40.70, -84.26] [-40.50, -83.26]
1.608583e+10 [-41.18, 144.07] [-40.98, 145.07] [-40.78, 146.07]
1.670013e+10 [-41.15, -20.10] [-40.95, -19.10] [-40.75, -18.10]
1.733789e+10 [-41.50, 141.42] [-41.30, 142.42] [-41.10, 143.42]
1.800000e+10 [-41.41, -88.94] [-41.21, -87.94] [-41.01, -86.94]
