FUNIT: Hz
UNIT: dB
1.000000e+07 [-0.25, -49.30] [-0.05, -48.30] [0.15, -47.30]
1.038189e+07 [-0.05, -49.96] [0.15, -48.96] [0.35, -47.96]
1.077836e+07 [-0.34, -52.99] [-0.14, -51.99] [0.06, -50.99]
1.118997e+07 [-0.32, -52.41] [-0.12, -51.41] [0.08, -50.41]
1.161731e+07 [-0.66, -55.14] [-0.46, -54.14] [-0.26, -53.14]
1.206096e+07 [-0.51, -56.80] [-0.31, -55.80] [-0.11, -54.80]
1.252155e+07 [0.03, -60.71] [0.23, -59.71] [0.43, -58.71]
1.299974e+07 [-0.21, -65.78] [-0.01, -64.78] [0.19, -63.78]
1.349618e+07 [-0.05, -66.19] [0.15, -65.19] [0.35, -64.19]
1.401158e+07 [-0.39, -67.48] [-0.19, -66.48] [0.01, -65.48]
1.454667e+07 [-0.25, -68.98] [-0.05, -67.98] [0.15, -66.98]
1.510219e+07 [-0.43, -73.04] [-0.23, -72.04] [-0.03, -71.04]
1.567893e+07 [-0.59, -77.04] [-0.39, -76.04] [-0.19, -75.04]
1.627769e+07 [-0.38, -75.48] [-0.18, -74.48] [0.02, -73.48]
1.689931e+07 [-0.35, -79.84] [-0.15, -78.84] [0.05, -77.84]
1.754468e+07 [-0.36, -85.68] [-0.16, -84.68] [0.04, -83.68]
1.821469e+07 [-0.28, -85.12] [-0.08, -84.12] [0.12, -83.12]
1.891029e+07 [-0.50, -89.48] [-0.30, -88.48] [-0.10, -87.48]
1.963245e+07 [-0.39, -94.16] [-0.19, -93.16] [0.01, -92.16]
2.038219e+07 [-0.27, -98.86] [-0.07, -97.86] [0.13, -96.86]
2.116056e+07 [-0.31, -101.40] [-0.11, -100.40] [0.09, -99.40]
2.196866e+07 [-0.19, -105.39] [0.01, -104.39] [0.21, -103.39]
2.280762e+07 [-0.64, -110.66] [-0.44, -109.66] [-0.24, -108.66]
2.367862e+07 [-0.26, -112.86] [-0.06, -111.86] [0.14, -110.86]
2.458288e+07 [-0.33, -117.16] [-0.13, -116.16] [0.07, -115.16]
2.552167e+07 [-0.43, -123.17] [-0.23, -122.17] [-0.03, -121.17]
2.649631e+07 [-0.39, -126.27] [-0.19, -125.27] [0.01, -124.27]
2.750818e+07 [-0.44, -131.39] [-0.24, -130.39] [-0.04, -129.39]
2.855868e+07 [-0.32, -137.23] [-0.12, -136.23] [0.08, -135.23]
2.964930e+07 [-0.46, -142.15] [-0.26, -141.15] [-0.06, -140.15]
3.078158e+07 [-0.44, -147.71] [-0.24, -146.71] [-0.04, -145.71]
3.195709e+07 [-0.47, -151.94] [-0.27, -150.94] [-0.07, -149.94]
3.317750e+07 [-0.46, -159.00] [-0.26, -158.00] [-0.06, -157.00]
3.444451e+07 [-0.52, -164.94] [-0.32, -163.94] [-0.12, -162.94]
3.575990e+07 [-0.44, -170.84] [-0.24, -169.84] [-0.04, -168.84]
3.712553e+07 [-0.32, -177.58] [-0.12, -176.58] [0.08, -175.58]
3.854331e+07 [-0.41, 176.56] [-0.21, 177.56] [-0.01, 178.56]
4.001524e+07 [-0.41, 169.91] [-0.21, 170.91] [-0.01, 171.91]
4.154338e+07 [-0.30, 161.49] [-0.10, 162.49] [0.10, 163.49]
4.312987e+07 [-0.46, 154.97] [-0.26, 155.97] [-0.06, 156.97]
4.477695e+07 [-0.50, 145.66] [-0.30, 146.66] [-0.10, 147.66]
4.648693e+07 [-0.47, 138.35] [-0.27, 139.35] [-0.07, 140.35]
4.826221e+07 [-0.51, 130.11] [-0.31, 131.11] [-0.11, 132.11]
5.010529e+07 [-0.50, 121.75] [-0.30, 122.75] [-0.10, 123.75]
5.201875e+07 [-0.50, 112.06] [-0.30, 113.06] [-0.10, 114.06]
5.400529e+07 [-0.50, 102.63] [-0.30, 103.63] [-0.10, 104.63]
5.606769e+07 [-0.41, 92.34] [-0.21, 93.34] [-0.01, 94.34]
5.820885e+07 [-0.49, 83.16] [-0.29, 84.16] [-0.09, 85.16]
6.043178e+07 [-0.58, 72.07] [-0.38, 73.07] [-0.18, 74.07]
6.273960e+07 [-0.46, 61.01] [-0.26, 62.01] [-0.06, 63.01]
6.513556e+07 [-0.52, 50.23] [-0.32, 51.23] [-0.12, 52.23]
6.762301e+07 [-0.47, 38.78] [-0.27, 39.78] [-0.07, 40.78]
7.020545e+07 [-0.45, 26.08] [-0.25, 27.08] [-0.05, 28.08]
7.288652e+07 [-0.47, 13.55] [-0.27, 14.55] [-0.07, 15.55]
7.566997e+07 [-0.49, 0.68] [-0.29, 1.68] [-0.09, 2.68]
7.855972e+07 [-0.53, -13.11] [-0.33, -12.11] [-0.13, -11.11]
8.155983e+07 [-0.49, -27.77] [-0.29, -26.77] [-0.09, -25.77]
8.467450e+07 [-0.50, -42.08] [-0.30, -41.08] [-0.10, -40.08]
8.790813e+07 [-0.52, -57.20] [-0.32, -56.20] [-0.12, -55.20]
9.126524e+07 [-0.56, -73.42] [-0.36, -72.42] [-0.16, -71.42]
9.475055e+07 [-0.51, -89.67] [-0.31, -88.67] [-0.11, -87.67]
9.836897e+07 [-0.55, -107.34] [-0.35, -106.34] [-0.15, -105.34]
1.021256e+08 [-0.56, -124.62] [-0.36, -123.62] [-0.16, -122.62]
1.060256e+08 [-0.60, -143.08] [-0.40, -142.08] [-0.20, -141.08]
1.100746e+08 [-0.57, -162.43] [-0.37, -161.43] [-0.17, -160.43]
1.142782e+08 [-0.59, 177.97] [-0.39, 178.97] [-0.19, 179.97]
1.186424e+08 [-0.61, 156.95] [-0.41, 157.95] [-0.21, 158.95]
1.231732e+08 [-0.59, 135.89] [-0.39, 136.89] [-0.19, 137.89]
1.278771e+08 [-0.57, 113.44] [-0.37, 114.44] [-0.17, 115.44]
1.327605e+08 [-0.59, 90.40] [-0.39, 91.40] [-0.19, 92.40]
1.378305e+08 [-0.63, 66.62] [-0.43, 67.62] [-0.23, 68.62]
1.430941e+08 [-0.65, 41.60] [-0.45, 42.60] [-0.25, 43.60]
1.485587e+08 [-0.65, 15.99] [-0.45, 16.99] [-0.25, 17.99]
1.542320e+08 [-0.65, -11.00] [-0.45, -10.00] [-0.25, -9.00]
1.601219e+08 [-0.63, -38.76] [-0.43, -37.76] [-0.23, -36.76]
1.662368e+08 [-0.67, -67.60] [-0.47, -66.60] [-0.27, -65.60]
1.725852e+08 [-0.64, -97.72] [-0.44, -96.72] [-0.24, -95.72]
1.791760e+08 [-0.67, -128.85] [-0.47, -127.85] [-0.27, -126.85]
1.860186e+08 [-0.67, -161.21] [-0.47, -160.21] [-0.27, -159.21]
1.931224e+08 [-0.72, 165.35] [-0.52, 166.35] [-0.32, 167.35]
2.004975e+08 [-0.71, 130.43] [-0.51, 131.43] [-0.31, 132.43]
2.081543e+08 [-0.70, 94.29] [-0.50, 95.29] [-0.30, 96.29]
2.161035e+08 [-0.73, 56.74] [-0.53, 57.74] [-0.33, 58.74]
2.243562e+08 [-0.72, 17.77] [-0.52, 18.77] [-0.32, 19.77]
2.329241e+08 [-0.77, -22.68] [-0.57, -21.68] [-0.37, -20.68]
2.418192e+08 [-0.77, -64.69] [-0.57, -63.69] [-0.37, -62.69]
2.510540e+08 [-0.78, -108.23] [-0.58, -107.23] [-0.38, -106.23]
2.606415e+08 [-0.80, -153.66] [-0.60, -152.66] [-0.40, -151.66]
2.705951e+08 [-0.79, 159.51] [-0.59, 160.51] [-0.39, 161.51]
2.809288e+08 [-0.84, 110.64] [-0.64, 111.64] [-0.44, 112.64]
2.916571e+08 [-0.83, 60.01] [-0.63, 61.01] [-0.43, 62.01]
3.027952e+08 [-0.84, 7.39] [-0.64, 8.39] [-0.44, 9.39]
3.143586e+08 [-0.84, -47.19] [-0.64, -46.19] [-0.44, -45.19]
3.263636e+08 [-0.87, -103.89] [-0.67, -102.89] [-0.47, -101.89]
3.388271e+08 [-0.86, -162.78] [-0.66, -161.78] [-0.46, -160.78]
3.517665e+08 [-0.88, 136.17] [-0.68, 137.17] [-0.48, 138.17]
3.652000e+08 [-0.91, 72.72] [-0.71, 73.72] [-0.51, 74.72]
3.791466e+08 [-0.91, 6.99] [-0.71, 7.99] [-0.51, 8.99]
3.936258e+08 [-0.93, -61.43] [-0.73, -60.43] [-0.53, -59.43]
4.086579e+08 [-0.93, -132.38] [-0.73, -131.38] [-0.53, -130.38]
4.242641e+08 [-0.96, 153.95] [-0.76, 154.95] [-0.56, 155.95]
4.404662e+08 [-0.96, 77.47] [-0.76, 78.47] [-0.56, 79.47]
4.572871e+08 [-0.99, -1.88] [-0.79, -0.88] [-0.59, 0.12]
4.747504e+08 [-1.00, -84.33] [-0.80, -83.33] [-0.60, -82.33]
4.928806e+08 [-1.01, -169.95] [-0.81, -168.95] [-0.61, -167.95]
5.117031e+08 [-1.04, 101.33] [-0.84, 102.33] [-0.64, 103.33]
5.312445e+08 [-1.05, 9.13] [-0.85, 10.13] [-0.65, 11.13]
5.515321e+08 [-1.06, -86.72] [-0.86, -85.72] [-0.66, -84.72]
5.725945e+08 [-1.08, 173.98] [-0.88, 174.98] [-0.68, 175.98]
5.944612e+08 [-1.10, 70.77] [-0.90, 71.77] [-0.70, 72.77]
6.171630e+08 [-1.12, -36.30] [-0.92, -35.30] [-0.72, -34.30]
6.407317e+08 [-1.13, -147.51] [-0.93, -146.51] [-0.73, -145.51]
6.652006e+08 [-1.15, 96.92] [-0.95, 97.92] [-0.75, 98.92]
6.906038e+08 [-1.17, -22.95] [-0.97, -21.95] [-0.77, -20.95]
7.169772e+08 [-1.19, -147.40] [-0.99, -146.40] [-0.79, -145.40]
7.443577e+08 [-1.22, 83.45] [-1.02, 84.45] [-0.82, 85.45]
7.727839e+08 [-1.23, -50.71] [-1.03, -49.71] [-0.83, -48.71]
8.022956e+08 [-1.25, 170.09] [-1.05, 171.09] [-0.85, 172.09]
8.329344e+08 [-1.26, 25.64] [-1.06, 26.64] [-0.86, 27.64]
8.647432e+08 [-1.29, -124.54] [-1.09, -123.54] [-0.89, -122.54]
8.977667e+08 [-1.30, 79.65] [-1.10, 80.65] [-0.90, 81.65]
9.320514e+08 [-1.34, -82.08] [-1.14, -81.08] [-0.94, -80.08]
9.676454e+08 [-1.35, 109.93] [-1.15, 110.93] [-0.95, 111.93]
1.004599e+09 [-1.38, -64.27] [-1.18, -63.27] [-0.98, -62.27]
1.042963e+09 [-1.40, 114.72] [-1.20, 115.72] [-1.00, 116.72]
1.082793e+09 [-1.41, -73.21] [-1.21, -72.21] [-1.01, -71.21]
1.124143e+09 [-1.44, 91.72] [-1.24, 92.72] [-1.04, 93.72]
1.167073e+09 [-1.46, -110.88] [-1.26, -109.88] [-1.06, -108.88]
1.211642e+09 [-1.48, 38.89] [-1.28, 39.89] [-1.08, 40.89]
1.257913e+09 [-1.51, -179.47] [-1.31, -178.47] [-1.11, -177.47]
1.305952e+09 [-1.55, -46.08] [-1.35, -45.08] [-1.15, -44.08]
1.355825e+09 [-1.57, 78.68] [-1.37, 79.68] [-1.17, 80.68]
1.407602e+09 [-1.58, -165.55] [-1.38, -164.55] [-1.18, -163.55]
1.461357e+09 [-1.62, -59.14] [-1.42, -58.14] [-1.22, -57.14]
1.517164e+09 [-1.64, 37.57] [-1.44, 38.57] [-1.24, 39.57]
1.575103e+09 [-1.67, 124.19] [-1.47, 125.19] [-1.27, 126.19]
1.635254e+09 [-1.70, -159.53] [-1.50, -158.53] [-1.30, -157.53]
1.697703e+09 [-1.72, -94.16] [-1.52, -93.16] [-1.32, -92.16]
1.762536e+09 [-1.76, -39.92] [-1.56, -38.92] [-1.36, -37.92]
1.829845e+09 [-1.79, 2.67] [-1.59, 3.67] [-1.39, 4.67]
1.899725e+09 [-1.83, 33.33] [-1.63, 34.33] [-1.43, 35.33]
1.972273e+09 [-1.85, 50.77] [-1.65, 51.77] [-1.45, 52.77]
2.047592e+09 [-1.89, 55.48] [-1.69, 56.48] [-1.49, 57.48]
2.125787e+09 [-1.92, 46.63] [-1.72, 47.63] [-1.52, 48.63]
2.206969e+09 [-1.98, 23.78] [-1.78, 24.78] [-1.58, 25.78]
2.291250e+09 [-2.01, -13.64] [-1.81, -12.64] [-1.61, -11.64]
2.378751e+09 [-2.02, -66.41] [-1.82, -65.41] [-1.62, -64.41]
2.469592e+09 [-2.06, -134.93] [-1.86, -133.93] [-1.66, -132.93]
2.563903e+09 [-2.10, 140.74] [-1.90, 141.74] [-1.70, 142.74]
2.661816e+09 [-2.13, 38.82] [-1.93, 39.82] [-1.73, 40.82]
2.763468e+09 [-2.16, -80.86] [-1.96, -79.86] [-1.76, -78.86]
2.869001e+09 [-2.20, 140.99] [-2.00, 141.99] [-1.80, 142.99]
2.978565e+09 [-2.26, -15.34] [-2.06, -14.34] [-1.86, -13.34]
3.092313e+09 [-2.27, 167.96] [-2.07, 168.96] [-1.87, 169.96]
3.210405e+09 [-2.36, -29.55] [-2.16, -28.55] [-1.96, -27.55]
3.333007e+09 [-2.50, 112.93] [-2.30, 113.93] [-2.10, 114.93]
3.460290e+09 [-2.45, -127.54] [-2.25, -126.54] [-2.05, -125.54]
3.592435e+09 [-2.48, -30.58] [-2.28, -29.58] [-2.08, -28.58]
3.729626e+09 [-2.53, 41.91] [-2.33, 42.91] [-2.13, 43.91]
3.872056e+09 [-2.59, 90.90] [-2.39, 91.90] [-2.19, 92.90]
4.019925e+09 [-2.65, 113.01] [-2.45, 114.01] [-2.25, 115.01]
4.173442e+09 [-2.63, 108.78] [-2.43, 109.78] [-2.23, 110.78]
4.332821e+09 [-2.88, 77.85] [-2.68, 78.85] [-2.48, 79.85]
4.498286e+09 [-2.80, 16.98] [-2.60, 17.98] [-2.40, 18.98]
4.670071e+09 [-2.82, -73.30] [-2.62, -72.30] [-2.42, -71.30]
4.848415e+09 [-2.89, 165.63] [-2.69, 166.63] [-2.49, 167.63]
5.033571e+09 [-2.92, 11.96] [-2.72, 12.96] [-2.52, 13.96]
5.225797e+09 [-2.97, -174.92] [-2.77, -173.92] [-2.57, -172.92]
5.425364e+09 [-3.18, -36.07] [-2.98, -35.07] [-2.78, -34.07]
5.632553e+09 [-3.14, 66.34] [-2.94, 67.34] [-2.74, 68.34]
5.847653e+09 [-3.18, 132.26] [-2.98, 133.26] [-2.78, 134.26]
6.070969e+09 [-3.40, 159.27] [-3.20, 160.27] [-3.00, 161.27]
6.302812e+09 [-3.43, 144.99] [-3.23, 145.99] [-3.03, 146.99]
6.543509e+09 [-3.65, 89.88] [-3.45, 90.88] [-3.25, 91.88]
6.793398e+09 [-3.73, -8.21] [-3.53, -7.21] [-3.33, -6.21]
7.052830e+09 [-3.87, -152.30] [-3.67, -151.30] [-3.47, -150.30]
7.322170e+09 [-3.91, 17.89] [-3.71, 18.89] [-3.51, 19.89]
7.601795e+09 [-3.92, 139.41] [-3.72, 140.41] [-3.52, 141.41]
7.892099e+09 [-3.89, -148.88] [-3.69, -147.88] [-3.49, -146.88]
8.193489e+09 [-3.93, -131.72] [-3.73, -130.72] [-3.53, -129.72]
8.506389e+09 [-3.98, -169.33] [-3.78, -168.33] [-3.58, -167.33]
8.831239e+09 [-3.98, 98.04] [-3.78, 99.04] [-3.58, 100.04]
9.168493e+09 [-4.05, -53.96] [-3.85, -52.96] [-3.65, -51.96]
9.518628e+09 [-4.41, 92.96] [-4.21, 93.96] [-4.01, 94.96]
9.882133e+09 [-4.89, -180.91] [-4.69, -179.91] [-4.49, -178.91]
1.025952e+10 [-4.48, -162.48] [-4.28, -161.48] [-4.08, -160.48]
1.065132e+10 [-4.54, 149.43] [-4.34, 150.43] [-4.14, 151.43]
1.105808e+10 [-5.54, 29.87] [-5.34, 30.87] [-5.14, 31.87]
1.148038e+10 [-5.15, -158.88] [-4.95, -157.88] [-4.75, -156.88]
1.191880e+10 [-4.96, -71.05] [-4.76, -70.05] [-4.56, -69.05]
1.237396e+10 [-5.10, -58.50] [-4.90, -57.50] [-4.70, -56.50]
1.284651e+10 [-5.37, -131.18] [-5.17, -130.18] [-4.97, -129.18]
1.333711e+10 [-5.22, 73.91] [-5.02, 74.91] [-4.82, 75.91]
1.384643e+10 [-5.60, -170.51] [-5.40, -169.51] [-5.20, -168.51]
1.437521e+10 [-5.35, -149.48] [-5.15, -148.48] [-4.95, -147.48]
1.492419e+10 [-5.59, 135.79] [-5.39, 136.79] [-5.19, 137.79]
1.549412e+10 [-6.28, -38.21] [-6.08, -37.21] [-5.88, -36.21]
1.608583e+10 [-5.78, 40.98] [-5.58, 41.98] [-5.38, 42.98]
1.670013e+10 [-6.31, 18.54] [-6.11, 19.54] [-5.91, 20.54]
1.733789e+10 [-6.28, -124.67] [-6.08, -123.67] [-5.88, -122.67]
1.800000e+10 [-6.66, -20.81] [-6.46, -19.81] [-6.26, -18.81]
