FUNIT: Hz
UNIT: dB
1.000000e+07 [-0.12, -58.35] [0.08, -57.35] [0.28, -56.35]
1.038189e+07 [-0.02, -59.01] [0.18, -58.01] [0.38, -57.01]
1.077836e+07 [-0.25, -63.40] [-0.05, -62.40] [0.15, -61.40]
1.118997e+07 [-0.15, -62.41] [0.05, -61.41] [0.25, -60.41]
1.161731e+07 [-0.48, -65.03] [-0.28, -64.03] [-0.08, -63.03]
1.206096e+07 [-0.43, -67.48] [-0.23, -66.48] [-0.03, -65.48]
1.252155e+07 [0.08, -71.66] [0.28, -70.66] [0.48, -69.66]
1.299974e+07 [-0.13, -76.88] [0.07, -75.88] [0.27, -74.88]
1.349618e+07 [0.06, -77.89] [0.26, -76.89] [0.46, -75.89]
1.401158e+07 [-0.31, -79.60] [-0.11, -78.60] [0.09, -77.60]
1.454667e+07 [-0.11, -81.30] [0.09, -80.30] [0.29, -79.30]
1.510219e+07 [-0.33, -86.12] [-0.13, -85.12] [0.07, -84.12]
1.567893e+07 [-0.54, -90.35] [-0.34, -89.35] [-0.14, -88.35]
1.627769e+07 [-0.37, -88.87] [-0.17, -87.87] [0.03, -86.87]
1.689931e+07 [-0.21, -94.30] [-0.01, -93.30] [0.19, -92.30]
1.754468e+07 [-0.28, -100.53] [-0.08, -99.53] [0.12, -98.53]
1.821469e+07 [-0.20, -100.59] [-0.00, -99.59] [0.20, -98.59]
1.891029e+07 [-0.41, -105.80] [-0.21, -104.80] [-0.01, -103.80]
1.963245e+07 [-0.32, -110.72] [-0.12, -109.72] [0.08, -108.72]
2.038219e+07 [-0.21, -116.10] [-0.01, -115.10] [0.19, -114.10]
2.116056e+07 [-0.20, -119.25] [-0.00, -118.25] [0.20, -117.25]
2.196866e+07 [-0.11, -123.99] [0.09, -122.99] [0.29, -121.99]
2.280762e+07 [-0.59, -129.65] [-0.39, -128.65] [-0.19, -127.65]
2.367862e+07 [-0.22, -132.86] [-0.02, -131.86] [0.18, -130.86]
2.458288e+07 [-0.24, -137.86] [-0.04, -136.86] [0.16, -135.86]
2.552167e+07 [-0.38, -144.28] [-0.18, -143.28] [0.02, -142.28]
2.649631e+07 [-0.36, -148.31] [-0.16, -147.31] [0.04, -146.31]
2.750818e+07 [-0.37, -154.18] [-0.17, -153.18] [0.03, -152.18]
2.855868e+07 [-0.25, -161.04] [-0.05, -160.04] [0.15, -159.04]
2.964930e+07 [-0.41, -166.81] [-0.21, -165.81] [-0.01, -164.81]
3.078158e+07 [-0.38, -173.42] [-0.18, -172.42] [0.02, -171.42]
3.195709e+07 [-0.39, -178.48] [-0.19, -177.48] [0.01, -176.48]
3.317750e+07 [-0.40, 173.48] [-0.20, 174.48] [-0.00, 175.48]
3.444451e+07 [-0.47, 166.60] [-0.27, 167.60] [-0.07, 168.60]
3.575990e+07 [-0.38, 159.73] [-0.18, 160.73] [0.02, 161.73]
3.712553e+07 [-0.26, 151.55] [-0.06, 152.55] [0.14, 153.55]
3.854331e+07 [-0.32, 144.81] [-0.12, 145.81] [0.08, 146.81]
4.001524e+07 [-0.36, 136.74] [-0.16, 137.74] [0.04, 138.74]
4.154338e+07 [-0.22, 127.07] [-0.02, 128.07] [0.18, 129.07]
4.312987e+07 [-0.40, 119.41] [-0.20, 120.41] [0.00, 121.41]
4.477695e+07 [-0.44, 108.78] [-0.24, 109.78] [-0.04, 110.78]
4.648693e+07 [-0.41, 99.92] [-0.21, 100.92] [-0.01, 101.92]
4.826221e+07 [-0.45, 90.42] [-0.25, 91.42] [-0.05, 92.42]
5.010529e+07 [-0.46, 80.39] [-0.26, 81.39] [-0.06, 82.39]
5.201875e+07 [-0.45, 69.21] [-0.25, 70.21] [-0.05, 71.21]
5.400529e+07 [-0.43, 58.17] [-0.23, 59.17] [-0.03, 60.17]
5.606769e+07 [-0.34, 46.12] [-0.14, 47.12] [0.06, 48.12]
5.820885e+07 [-0.43, 35.18] [-0.23, 36.18] [-0.03, 37.18]
6.043178e+07 [-0.53, 22.40] [-0.33, 23.40] [-0.13, 24.40]
6.273960e+07 [-0.41, 9.39] [-0.21, 10.39] [-0.01, 11.39]
6.513556e+07 [-0.45, -3.49] [-0.25, -2.49] [-0.05, -1.49]
6.762301e+07 [-0.42, -16.85] [-0.22, -15.85] [-0.02, -14.85]
7.020545e+07 [-0.39, -31.63] [-0.19, -30.63] [0.01, -29.63]
7.288652e+07 [-0.43, -46.39] [-0.23, -45.39] [-0.03, -44.39]
7.566997e+07 [-0.44, -61.61] [-0.24, -60.61] [-0.04, -59.61]
7.855972e+07 [-0.47, -77.68] [-0.27, -76.68] [-0.07, -75.68]
8.155983e+07 [-0.44, -94.75] [-0.24, -93.75] [-0.04, -92.75]
8.467450e+07 [-0.45, -111.72] [-0.25, -110.72] [-0.05, -109.72]
8.790813e+07 [-0.47, -129.45] [-0.27, -128.45] [-0.07, -127.45]
9.126524e+07 [-0.51, -148.39] [-0.31, -147.39] [-0.11, -146.39]
9.475055e+07 [-0.44, -167.57] [-0.24, -166.57] [-0.04, -165.57]
9.836897e+07 [-0.49, 171.75] [-0.29, 172.75] [-0.09, 173.75]
1.021256e+08 [-0.51, 151.40] [-0.31, 152.40] [-0.11, 153.40]
1.060256e+08 [-0.56, 129.75] [-0.36, 130.75] [-0.16, 131.75]
1.100746e+08 [-0.53, 107.07] [-0.33, 108.07] [-0.13, 109.07]
1.142782e+08 [-0.56, 84.09] [-0.36, 85.09] [-0.16, 86.09]
1.186424e+08 [-0.57, 59.48] [-0.37, 60.48] [-0.17, 61.48]
1.231732e+08 [-0.57, 34.77] [-0.37, 35.77] [-0.17, 36.77]
1.278771e+08 [-0.53, 8.47] [-0.33, 9.47] [-0.13, 10.47]
1.327605e+08 [-0.55, -18.52] [-0.35, -17.52] [-0.15, -16.52]
1.378305e+08 [-0.59, -46.58] [-0.39, -45.58] [-0.19, -44.58]
1.430941e+08 [-0.61, -75.91] [-0.41, -74.91] [-0.21, -73.91]
1.485587e+08 [-0.60, -105.98] [-0.40, -104.98] [-0.20, -103.98]
1.542320e+08 [-0.61, -137.61] [-0.41, -136.61] [-0.21, -135.61]
1.601219e+08 [-0.59, -170.17] [-0.39, -169.17] [-0.19, -168.17]
1.662368e+08 [-0.63, 155.94] [-0.43, 156.94] [-0.23, 157.94]
1.725852e+08 [-0.60, 120.66] [-0.40, 121.66] [-0.20, 122.66]
1.791760e+08 [-0.62, 84.12] [-0.42, 85.12] [-0.22, 86.12]
1.860186e+08 [-0.63, 46.19] [-0.43, 47.19] [-0.23, 48.19]
1.931224e+08 [-0.68, 6.91] [-0.48, 7.91] [-0.28, 8.91]
2.004975e+08 [-0.67, -34.08] [-0.47, -33.08] [-0.27, -32.08]
2.081543e+08 [-0.67, -76.47] [-0.47, -75.47] [-0.27, -74.47]
2.161035e+08 [-0.69, -120.51] [-0.49, -119.51] [-0.29, -118.51]
2.243562e+08 [-0.68, -166.28] [-0.48, -165.28] [-0.28, -164.28]
2.329241e+08 [-0.73, 146.22] [-0.53, 147.22] [-0.33, 148.22]
2.418192e+08 [-0.73, 96.90] [-0.53, 97.90] [-0.33, 98.90]
2.510540e+08 [-0.75, 45.83] [-0.55, 46.83] [-0.35, 47.83]
2.606415e+08 [-0.76, -7.49] [-0.56, -6.49] [-0.36, -5.49]
2.705951e+08 [-0.77, -62.52] [-0.57, -61.52] [-0.37, -60.52]
2.809288e+08 [-0.83, -119.77] [-0.63, -118.77] [-0.43, -117.77]
2.916571e+08 [-0.81, -179.04] [-0.61, -178.04] [-0.41, -177.04]
3.027952e+08 [-0.80, 119.19] [-0.60, 120.19] [-0.40, 121.19]
3.143586e+08 [-0.80, 55.04] [-0.60, 56.04] [-0.40, 57.04]
3.263636e+08 [-0.83, -11.54] [-0.63, -10.54] [-0.43, -9.54]
3.388271e+08 [-0.82, -80.63] [-0.62, -79.63] [-0.42, -78.63]
3.517665e+08 [-0.85, -152.33] [-0.65, -151.33] [-0.45, -150.33]
3.652000e+08 [-0.88, 133.22] [-0.68, 134.22] [-0.48, 135.22]
3.791466e+08 [-0.88, 56.07] [-0.68, 57.07] [-0.48, 58.07]
3.936258e+08 [-0.91, -24.27] [-0.71, -23.27] [-0.51, -22.27]
4.086579e+08 [-0.93, -107.43] [-0.73, -106.43] [-0.53, -105.43]
4.242641e+08 [-0.93, 166.21] [-0.73, 167.21] [-0.53, 168.21]
4.404662e+08 [-0.94, 76.24] [-0.74, 77.24] [-0.54, 78.24]
4.572871e+08 [-0.97, -16.85] [-0.77, -15.85] [-0.57, -14.85]
4.747504e+08 [-0.98, -113.58] [-0.78, -112.58] [-0.58, -111.58]
4.928806e+08 [-0.99, 145.94] [-0.79, 146.94] [-0.59, 147.94]
5.117031e+08 [-1.02, 41.66] [-0.82, 42.66] [-0.62, 43.66]
5.312445e+08 [-1.04, -66.64] [-0.84, -65.64] [-0.64, -64.64]
5.515321e+08 [-1.07, -179.03] [-0.87, -178.03] [-0.67, -177.03]
5.725945e+08 [-1.09, 64.40] [-0.89, 65.40] [-0.69, 66.40]
5.944612e+08 [-1.10, -56.64] [-0.90, -55.64] [-0.70, -54.64]
6.171630e+08 [-1.12, 177.54] [-0.92, 178.54] [-0.72, 179.54]
6.407317e+08 [-1.14, 46.97] [-0.94, 47.97] [-0.74, 48.97]
6.652006e+08 [-1.17, -88.46] [-0.97, -87.46] [-0.77, -86.46]
6.906038e+08 [-1.18, 130.80] [-0.98, 131.80] [-0.78, 132.80]
7.169772e+08 [-1.21, -15.26] [-1.01, -14.26] [-0.81, -13.26]
7.443577e+08 [-1.25, -166.84] [-1.05, -165.84] [-0.85, -164.84]
7.727839e+08 [-1.27, 35.70] [-1.07, 36.70] [-0.87, 37.70]
8.022956e+08 [-1.29, -127.81] [-1.09, -126.81] [-0.89, -125.81]
8.329344e+08 [-1.31, 62.52] [-1.11, 63.52] [-0.91, 64.52]
8.647432e+08 [-1.34, -113.59] [-1.14, -112.59] [-0.94, -111.59]
8.977667e+08 [-1.39, 63.57] [-1.19, 64.57] [-0.99, 65.57]
9.320514e+08 [-1.40, -126.32] [-1.20, -125.32] [-1.00, -124.32]
9.676454e+08 [-1.45, 36.56] [-1.25, 37.56] [-1.05, 38.56]
1.004599e+09 [-1.46, -167.90] [-1.26, -166.90] [-1.06, -165.90]
1.042963e+09 [-1.49, -20.47] [-1.29, -19.47] [-1.09, -18.47]
1.082793e+09 [-1.53, 119.15] [-1.33, 120.15] [-1.13, 121.15]
1.124143e+09 [-1.58, -109.76] [-1.38, -108.76] [-1.18, -107.76]
1.167073e+09 [-1.61, 12.59] [-1.41, 13.59] [-1.21, 14.59]
1.211642e+09 [-1.64, 125.71] [-1.44, 126.71] [-1.24, 127.71]
1.257913e+09 [-1.71, -130.39] [-1.51, -129.39] [-1.31, -128.39]
1.305952e+09 [-1.74, -36.32] [-1.54, -35.32] [-1.34, -34.32]
1.355825e+09 [-1.79, 47.53] [-1.59, 48.53] [-1.39, 49.53]
1.407602e+09 [-1.88, 121.03] [-1.68, 122.03] [-1.48, 123.03]
1.461357e+09 [-1.87, -176.44] [-1.67, -175.44] [-1.47, -174.44]
1.517164e+09 [-1.95, -125.42] [-1.75, -124.42] [-1.55, -123.42]
1.575103e+09 [-1.99, -85.88] [-1.79, -84.88] [-1.59, -83.88]
1.635254e+09 [-2.02, -58.83] [-1.82, -57.83] [-1.62, -56.83]
1.697703e+09 [-2.10, -44.33] [-1.90, -43.33] [-1.70, -42.33]
1.762536e+09 [-2.13, -43.16] [-1.93, -42.16] [-1.73, -41.16]
1.829845e+09 [-2.17, -55.58] [-1.97, -54.58] [-1.77, -53.58]
1.899725e+09 [-2.21, -82.37] [-2.01, -81.37] [-1.81, -80.37]
1.972273e+09 [-2.24, -123.54] [-2.04, -122.54] [-1.84, -121.54]
2.047592e+09 [-2.26, -180.24] [-2.06, -179.24] [-1.86, -178.24]
2.125787e+09 [-2.29, 107.17] [-2.09, 108.17] [-1.89, 109.17]
2.206969e+09 [-2.30, 17.88] [-2.10, 18.88] [-1.90, 19.88]
2.291250e+09 [-2.31, -88.44] [-2.11, -87.44] [-1.91, -86.44]
2.378751e+09 [-2.36, 147.29] [-2.16, 148.29] [-1.96, 149.29]
2.469592e+09 [-2.37, 4.46] [-2.17, 5.46] [-1.97, 6.46]
2.563903e+09 [-2.43, -156.73] [-2.23, -155.73] [-2.03, -154.73]
2.661816e+09 [-2.45, 21.66] [-2.25, 22.66] [-2.05, 23.66]
2.763468e+09 [-2.40, 178.18] [-2.20, 179.18] [-2.00, 180.18]
2.869001e+09 [-2.40, -46.11] [-2.20, -45.11] [-2.00, -44.11]
2.978565e+09 [-2.36, 67.93] [-2.16, 68.93] [-1.96, 69.93]
3.092313e+09 [-2.60, 156.08] [-2.40, 157.08] [-2.20, 158.08]
3.210405e+09 [-2.78, -134.41] [-2.58, -133.41] [-2.38, -132.41]
3.333007e+09 [-2.60, -92.91] [-2.40, -91.91] [-2.20, -90.91]
3.460290e+09 [-2.60, -78.15] [-2.40, -77.15] [-2.20, -76.15]
3.592435e+09 [-2.56, -89.33] [-2.36, -88.33] [-2.16, -87.33]
3.729626e+09 [-2.55, -129.28] [-2.35, -128.28] [-2.15, -127.28]
3.872056e+09 [-2.58, 162.11] [-2.38, 163.11] [-2.18, 164.11]
4.019925e+09 [-2.65, 63.67] [-2.45, 64.67] [-2.25, 65.67]
4.173442e+09 [-2.68, -66.42] [-2.48, -65.42] [-2.28, -64.42]
4.332821e+09 [-2.79, 130.89] [-2.59, 131.89] [-2.39, 132.89]
4.498286e+09 [-2.99, -65.44] [-2.79, -64.44] [-2.59, -63.44]
4.670071e+09 [-2.86, 64.54] [-2.66, 65.54] [-2.46, 66.54]
4.848415e+09 [-2.95, 156.83] [-2.75, 157.83] [-2.55, 158.83]
5.033571e+09 [-3.02, -147.80] [-2.82, -146.80] [-2.62, -145.80]
5.225797e+09 [-3.12, -132.71] [-2.92, -131.71] [-2.72, -130.71]
5.425364e+09 [-3.33, -157.57] [-3.13, -156.57] [-2.93, -155.57]
5.632553e+09 [-3.33, 135.67] [-3.13, 136.67] [-2.93, 137.67]
5.847653e+09 [-3.69, 24.34] [-3.49, 25.34] [-3.29, 26.34]
6.070969e+09 [-3.70, -131.88] [-3.50, -130.88] [-3.30, -129.88]
6.302812e+09 [-4.06, 26.18] [-3.86, 27.18] [-3.66, 28.18]
6.543509e+09 [-3.78, 133.78] [-3.58, 134.78] [-3.38, 135.78]
6.793398e+09 [-3.96, -170.27] [-3.76, -169.27] [-3.56, -168.27]
7.052830e+09 [-4.32, -165.40] [-4.12, -164.40] [-3.92, -163.40]
7.322170e+09 [-4.74, 145.04] [-4.54, 146.04] [-4.34, 147.04]
7.601795e+09 [-4.39, 41.07] [-4.19, 42.07] [-3.99, 43.07]
7.892099e+09 [-4.24, -127.11] [-4.04, -126.11] [-3.84, -125.11]
8.193489e+09 [-4.43, 1.95] [-4.23, 2.95] [-4.03, 3.95]
8.506389e+09 [-4.34, 71.08] [-4.14, 72.08] [-3.94, 73.08]
8.831239e+09 [-4.20, 70.64] [-4.00, 71.64] [-3.80, 72.64]
9.168493e+09 [-4.53, -1.49] [-4.33, -0.49] [-4.13, 0.51]
9.518628e+09 [-5.02, -132.65] [-4.82, -131.65] [-4.62, -130.65]
9.882133e+09 [-5.23, 10.97] [-5.03, 11.97] [-4.83, 12.97]
1.025952e+10 [-4.99, 83.10] [-4.79, 84.10] [-4.59, 85.10]
1.065132e+10 [-5.40, 68.94] [-5.20, 69.94] [-5.00, 70.94]
1.105808e+10 [-6.58, -20.90] [-6.38, -19.90] [-6.18, -18.90]
1.148038e+10 [-5.75, 166.29] [-5.55, 167.29] [-5.35, 168.29]
1.191880e+10 [-6.69, -106.80] [-6.49, -105.80] [-6.29, -104.80]
1.237396e+10 [-6.76, -99.75] [-6.56, -98.75] [-6.36, -97.75]
1.284651e+10 [-5.39, 156.06] [-5.19, 157.06] [-4.99, 158.06]
1.333711e+10 [-6.01, -45.29] [-5.81, -44.29] [-5.61, -43.29]
1.384643e+10 [-6.17, 14.14] [-5.97, 15.14] [-5.77, 16.14]
1.437521e+10 [-6.20, -41.33] [-6.00, -40.33] [-5.80, -39.33]
1.492419e+10 [-7.88, 156.92] [-7.68, 157.92] [-7.48, 158.92]
1.549412e+10 [-6.59, -122.91] [-6.39, -121.91] [-6.19, -120.91]
1.608583e+10 [-7.70, -167.24] [-7.50, -166.24] [-7.30, -165.24]
1.670013e+10 [-6.92, 28.16] [-6.72, 29.16] [-6.52, 30.16]
1.733789e+10 [-6.90, 75.35] [-6.70, 76.35] [-6.50, 77.35]
1.800000e+10 [-7.53, -4.23] [-7.33, -3.23] [-7.13, -2.23]
