FUNIT: Hz
UNIT: dB
1.000000e+07 [-0.14, -59.70] [0.06, -58.70] [0.26, -57.70]
1.038189e+07 [0.09, -61.24] [0.29, -60.24] [0.49, -59.24]
1.077836e+07 [-0.24, -65.04] [-0.04, -64.04] [0.16, -63.04]
1.118997e+07 [-0.24, -64.06] [-0.04, -63.06] [0.16, -62.06]
1.161731e+07 [-0.57, -66.55] [-0.37, -65.55] [-0.17, -64.55]
1.206096e+07 [-0.46, -69.15] [-0.26, -68.15] [-0.06, -67.15]
1.252155e+07 [0.05, -73.69] [0.25, -72.69] [0.45, -71.69]
1.299974e+07 [-0.08, -78.60] [0.12, -77.60] [0.32, -76.60]
1.349618e+07 [0.08, -79.75] [0.28, -78.75] [0.48, -77.75]
1.401158e+07 [-0.33, -81.60] [-0.13, -80.60] [0.07, -79.60]
1.454667e+07 [-0.12, -83.36] [0.08, -82.36] [0.28, -81.36]
1.510219e+07 [-0.39, -88.06] [-0.19, -87.06] [0.01, -86.06]
1.567893e+07 [-0.49, -92.53] [-0.29, -91.53] [-0.09, -90.53]
1.627769e+07 [-0.38, -91.45] [-0.18, -90.45] [0.02, -89.45]
1.689931e+07 [-0.27, -96.94] [-0.07, -95.94] [0.13, -94.94]
1.754468e+07 [-0.27, -102.76] [-0.07, -101.76] [0.13, -100.76]
1.821469e+07 [-0.24, -103.18] [-0.04, -102.18] [0.16, -101.18]
1.891029e+07 [-0.44, -108.39] [-0.24, -107.39] [-0.04, -106.39]
1.963245e+07 [-0.35, -113.57] [-0.15, -112.57] [0.05, -111.57]
2.038219e+07 [-0.19, -118.93] [0.01, -117.93] [0.21, -116.93]
2.116056e+07 [-0.22, -122.44] [-0.02, -121.44] [0.18, -120.44]
2.196866e+07 [-0.11, -127.01] [0.09, -126.01] [0.29, -125.01]
2.280762e+07 [-0.59, -133.05] [-0.39, -132.05] [-0.19, -131.05]
2.367862e+07 [-0.22, -136.16] [-0.02, -135.16] [0.18, -134.16]
2.458288e+07 [-0.25, -141.35] [-0.05, -140.35] [0.15, -139.35]
2.552167e+07 [-0.41, -147.84] [-0.21, -146.84] [-0.01, -145.84]
2.649631e+07 [-0.38, -151.93] [-0.18, -150.93] [0.02, -149.93]
2.750818e+07 [-0.38, -158.13] [-0.18, -157.13] [0.02, -156.13]
2.855868e+07 [-0.26, -164.76] [-0.06, -163.76] [0.14, -162.76]
2.964930e+07 [-0.41, -170.91] [-0.21, -169.91] [-0.01, -168.91]
3.078158e+07 [-0.41, -177.59] [-0.21, -176.59] [-0.01, -175.59]
3.195709e+07 [-0.42, 177.27] [-0.22, 178.27] [-0.02, 179.27]
3.317750e+07 [-0.42, 168.97] [-0.22, 169.97] [-0.02, 170.97]
3.444451e+07 [-0.46, 161.92] [-0.26, 162.92] [-0.06, 163.92]
3.575990e+07 [-0.40, 154.80] [-0.20, 155.80] [-0.00, 156.80]
3.712553e+07 [-0.28, 146.59] [-0.08, 147.59] [0.12, 148.59]
3.854331e+07 [-0.34, 139.35] [-0.14, 140.35] [0.06, 141.35]
4.001524e+07 [-0.35, 131.40] [-0.15, 132.40] [0.05, 133.40]
4.154338e+07 [-0.24, 121.40] [-0.04, 122.40] [0.16, 123.40]
4.312987e+07 [-0.40, 113.39] [-0.20, 114.39] [-0.00, 115.39]
4.477695e+07 [-0.45, 102.65] [-0.25, 103.65] [-0.05, 104.65]
4.648693e+07 [-0.43, 93.67] [-0.23, 94.67] [-0.03, 95.67]
4.826221e+07 [-0.46, 83.91] [-0.26, 84.91] [-0.06, 85.91]
5.010529e+07 [-0.47, 73.65] [-0.27, 74.65] [-0.07, 75.65]
5.201875e+07 [-0.46, 62.23] [-0.26, 63.23] [-0.06, 64.23]
5.400529e+07 [-0.45, 50.86] [-0.25, 51.86] [-0.05, 52.86]
5.606769e+07 [-0.37, 38.61] [-0.17, 39.61] [0.03, 40.61]
5.820885e+07 [-0.45, 27.30] [-0.25, 28.30] [-0.05, 29.30]
6.043178e+07 [-0.55, 14.27] [-0.35, 15.27] [-0.15, 16.27]
6.273960e+07 [-0.43, 1.00] [-0.23, 2.00] [-0.03, 3.00]
6.513556e+07 [-0.46, -12.19] [-0.26, -11.19] [-0.06, -10.19]
6.762301e+07 [-0.43, -26.01] [-0.23, -25.01] [-0.03, -24.01]
7.020545e+07 [-0.40, -41.05] [-0.20, -40.05] [0.00, -39.05]
7.288652e+07 [-0.44, -56.10] [-0.24, -55.10] [-0.04, -54.10]
7.566997e+07 [-0.47, -71.81] [-0.27, -70.81] [-0.07, -69.81]
7.855972e+07 [-0.49, -88.27] [-0.29, -87.27] [-0.09, -86.27]
8.155983e+07 [-0.46, -105.76] [-0.26, -104.76] [-0.06, -103.76]
8.467450e+07 [-0.48, -122.99] [-0.28, -121.99] [-0.08, -120.99]
8.790813e+07 [-0.49, -141.24] [-0.29, -140.24] [-0.09, -139.24]
9.126524e+07 [-0.53, -160.56] [-0.33, -159.56] [-0.13, -158.56]
9.475055e+07 [-0.47, -180.25] [-0.27, -179.25] [-0.07, -178.25]
9.836897e+07 [-0.51, 158.65] [-0.31, 159.65] [-0.11, 160.65]
1.021256e+08 [-0.53, 137.80] [-0.33, 138.80] [-0.13, 139.80]
1.060256e+08 [-0.58, 115.60] [-0.38, 116.60] [-0.18, 117.60]
1.100746e+08 [-0.55, 92.37] [-0.35, 93.37] [-0.15, 94.37]
1.142782e+08 [-0.56, 68.83] [-0.36, 69.83] [-0.16, 70.83]
1.186424e+08 [-0.58, 43.63] [-0.38, 44.63] [-0.18, 45.63]
1.231732e+08 [-0.58, 18.29] [-0.38, 19.29] [-0.18, 20.29]
1.278771e+08 [-0.54, -8.68] [-0.34, -7.68] [-0.14, -6.68]
1.327605e+08 [-0.58, -36.30] [-0.38, -35.30] [-0.18, -34.30]
1.378305e+08 [-0.62, -64.99] [-0.42, -63.99] [-0.22, -62.99]
1.430941e+08 [-0.63, -94.95] [-0.43, -93.95] [-0.23, -92.95]
1.485587e+08 [-0.63, -125.79] [-0.43, -124.79] [-0.23, -123.79]
1.542320e+08 [-0.63, -158.17] [-0.43, -157.17] [-0.23, -156.17]
1.601219e+08 [-0.62, 168.49] [-0.42, 169.49] [-0.22, 170.49]
1.662368e+08 [-0.65, 133.77] [-0.45, 134.77] [-0.25, 135.77]
1.725852e+08 [-0.62, 97.63] [-0.42, 98.63] [-0.22, 99.63]
1.791760e+08 [-0.65, 60.25] [-0.45, 61.25] [-0.25, 62.25]
1.860186e+08 [-0.66, 21.41] [-0.46, 22.41] [-0.26, 23.41]
1.931224e+08 [-0.70, -18.79] [-0.50, -17.79] [-0.30, -16.79]
2.004975e+08 [-0.70, -60.74] [-0.50, -59.74] [-0.30, -58.74]
2.081543e+08 [-0.69, -104.17] [-0.49, -103.17] [-0.29, -102.17]
2.161035e+08 [-0.71, -149.29] [-0.51, -148.29] [-0.31, -147.29]
2.243562e+08 [-0.71, 163.91] [-0.51, 164.91] [-0.31, 165.91]
2.329241e+08 [-0.76, 115.29] [-0.56, 116.29] [-0.36, 117.29]
2.418192e+08 [-0.75, 64.81] [-0.55, 65.81] [-0.35, 66.81]
2.510540e+08 [-0.77, 12.51] [-0.57, 13.51] [-0.37, 14.51]
2.606415e+08 [-0.78, -42.09] [-0.58, -41.09] [-0.38, -40.09]
2.705951e+08 [-0.78, -98.39] [-0.58, -97.39] [-0.38, -96.39]
2.809288e+08 [-0.82, -157.08] [-0.62, -156.08] [-0.42, -155.08]
2.916571e+08 [-0.82, 142.09] [-0.62, 143.09] [-0.42, 144.09]
3.027952e+08 [-0.82, 78.83] [-0.62, 79.83] [-0.42, 80.83]
3.143586e+08 [-0.83, 13.23] [-0.63, 14.23] [-0.43, 15.23]
3.263636e+08 [-0.85, -54.92] [-0.65, -53.92] [-0.45, -52.92]
3.388271e+08 [-0.84, -125.65] [-0.64, -124.65] [-0.44, -123.65]
3.517665e+08 [-0.87, 160.96] [-0.67, 161.96] [-0.47, 162.96]
3.652000e+08 [-0.89, 84.73] [-0.69, 85.73] [-0.49, 86.73]
3.791466e+08 [-0.90, 5.73] [-0.70, 6.73] [-0.50, 7.73]
3.936258e+08 [-0.92, -76.51] [-0.72, -75.51] [-0.52, -74.51]
4.086579e+08 [-0.92, -161.74] [-0.72, -160.74] [-0.52, -159.74]
4.242641e+08 [-0.94, 109.73] [-0.74, 110.73] [-0.54, 111.73]
4.404662e+08 [-0.95, 17.73] [-0.75, 18.73] [-0.55, 19.73]
4.572871e+08 [-0.97, -77.65] [-0.77, -76.65] [-0.57, -75.65]
4.747504e+08 [-0.99, -176.68] [-0.79, -175.68] [-0.59, -174.68]
4.928806e+08 [-1.00, 80.48] [-0.80, 81.48] [-0.60, 82.48]
5.117031e+08 [-1.02, -26.28] [-0.82, -25.28] [-0.62, -24.28]
5.312445e+08 [-1.04, -137.14] [-0.84, -136.14] [-0.64, -135.14]
5.515321e+08 [-1.06, 107.70] [-0.86, 108.70] [-0.66, 109.70]
5.725945e+08 [-1.07, -11.68] [-0.87, -10.68] [-0.67, -9.68]
5.944612e+08 [-1.10, -135.72] [-0.90, -134.72] [-0.70, -133.72]
6.171630e+08 [-1.11, 95.54] [-0.91, 96.54] [-0.71, 97.54]
6.407317e+08 [-1.13, -38.14] [-0.93, -37.14] [-0.73, -36.14]
6.652006e+08 [-1.15, -176.85] [-0.95, -175.85] [-0.75, -174.85]
6.906038e+08 [-1.16, 39.03] [-0.96, 40.03] [-0.76, 41.03]
7.169772e+08 [-1.19, -110.50] [-0.99, -109.50] [-0.79, -108.50]
7.443577e+08 [-1.21, 94.26] [-1.01, 95.26] [-0.81, 96.26]
7.727839e+08 [-1.23, -66.97] [-1.03, -65.97] [-0.83, -64.97]
8.022956e+08 [-1.25, 125.63] [-1.05, 126.63] [-0.85, 127.63]
8.329344e+08 [-1.27, -48.17] [-1.07, -47.17] [-0.87, -46.17]
8.647432e+08 [-1.29, 131.48] [-1.09, 132.48] [-0.89, 133.48]
8.977667e+08 [-1.31, -55.72] [-1.11, -54.72] [-0.91, -53.72]
9.320514e+08 [-1.34, 109.86] [-1.14, 110.86] [-0.94, 111.86]
9.676454e+08 [-1.36, -91.92] [-1.16, -90.92] [-0.96, -89.92]
1.004599e+09 [-1.39, 58.53] [-1.19, 59.53] [-0.99, 60.53]
1.042963e+09 [-1.41, -159.06] [-1.21, -158.06] [-1.01, -157.06]
1.082793e+09 [-1.43, -24.84] [-1.23, -23.84] [-1.03, -22.84]
1.124143e+09 [-1.46, 100.68] [-1.26, 101.68] [-1.06, 102.68]
1.167073e+09 [-1.48, -142.72] [-1.28, -141.72] [-1.08, -140.72]
1.211642e+09 [-1.51, -35.37] [-1.31, -34.37] [-1.11, -33.37]
1.257913e+09 [-1.54, 62.25] [-1.34, 63.25] [-1.14, 64.25]
1.305952e+09 [-1.57, 149.89] [-1.37, 150.89] [-1.17, 151.89]
1.355825e+09 [-1.59, -132.88] [-1.39, -131.88] [-1.19, -130.88]
1.407602e+09 [-1.62, -66.49] [-1.42, -65.49] [-1.22, -64.49]
1.461357e+09 [-1.65, -11.27] [-1.45, -10.27] [-1.25, -9.27]
1.517164e+09 [-1.68, 32.35] [-1.48, 33.35] [-1.28, 34.35]
1.575103e+09 [-1.71, 63.92] [-1.51, 64.92] [-1.31, 65.92]
1.635254e+09 [-1.74, 82.88] [-1.54, 83.88] [-1.34, 84.88]
1.697703e+09 [-1.77, 88.79] [-1.57, 89.79] [-1.37, 90.79]
1.762536e+09 [-1.80, 81.17] [-1.60, 82.17] [-1.40, 83.17]
1.829845e+09 [-1.83, 59.47] [-1.63, 60.47] [-1.43, 61.47]
1.899725e+09 [-1.87, 23.09] [-1.67, 24.09] [-1.47, 25.09]
1.972273e+09 [-1.90, -27.97] [-1.70, -26.97] [-1.50, -25.97]
2.047592e+09 [-1.94, -94.99] [-1.74, -93.99] [-1.54, -92.99]
2.125787e+09 [-1.97, -178.25] [-1.77, -177.25] [-1.57, -176.25]
2.206969e+09 [-2.01, 81.48] [-1.81, 82.48] [-1.61, 83.48]
2.291250e+09 [-2.06, -36.23] [-1.86, -35.23] [-1.66, -34.23]
2.378751e+09 [-2.09, -172.26] [-1.89, -171.26] [-1.69, -170.26]
2.469592e+09 [-2.13, 32.65] [-1.93, 33.65] [-1.73, 34.65]
2.563903e+09 [-2.19, -141.53] [-1.99, -140.53] [-1.79, -139.53]
2.661816e+09 [-2.24, 23.31] [-2.04, 24.31] [-1.84, 25.31]
2.763468e+09 [-2.24, 166.86] [-2.04, 167.86] [-1.84, 168.86]
2.869001e+09 [-2.33, -71.41] [-2.13, -70.41] [-1.93, -69.41]
2.978565e+09 [-2.34, 27.92] [-2.14, 28.92] [-1.94, 29.92]
3.092313e+09 [-2.36, 102.62] [-2.16, 103.62] [-1.96, 104.62]
3.210405e+09 [-2.41, 153.22] [-2.21, 154.22] [-2.01, 155.22]
3.333007e+09 [-2.46, 178.53] [-2.26, 179.53] [-2.06, 180.53]
3.460290e+09 [-2.50, 176.77] [-2.30, 177.77] [-2.10, 178.77]
3.592435e+09 [-2.54, 147.90] [-2.34, 148.90] [-2.14, 149.90]
3.729626e+09 [-2.58, 90.05] [-2.38, 91.05] [-2.18, 92.05]
3.872056e+09 [-2.66, 2.75] [-2.46, 3.75] [-2.26, 4.75]
4.019925e+09 [-2.71, -115.58] [-2.51, -114.58] [-2.31, -113.58]
4.173442e+09 [-2.76, 94.54] [-2.56, 95.54] [-2.36, 96.54]
4.332821e+09 [-2.83, -89.43] [-2.63, -88.43] [-2.43, -87.43]
4.498286e+09 [-2.86, 52.91] [-2.66, 53.91] [-2.46, 54.91]
4.670071e+09 [-3.07, 159.58] [-2.87, 160.58] [-2.67, 161.58]
4.848415e+09 [-3.00, -132.11] [-2.80, -131.11] [-2.60, -130.11]
5.033571e+09 [-3.05, -101.43] [-2.85, -100.43] [-2.65, -99.43]
5.225797e+09 [-3.10, -110.92] [-2.90, -109.92] [-2.70, -108.92]
5.425364e+09 [-3.18, -162.64] [-2.98, -161.64] [-2.78, -160.64]
5.632553e+09 [-3.25, 102.44] [-3.05, 103.44] [-2.85, 104.44]
5.847653e+09 [-3.29, -36.77] [-3.09, -35.77] [-2.89, -34.77]
6.070969e+09 [-3.38, 137.29] [-3.18, 138.29] [-2.98, 139.29]
6.302812e+09 [-3.51, -97.68] [-3.31, -96.68] [-3.11, -95.68]
6.543509e+09 [-3.65, -21.80] [-3.45, -20.80] [-3.25, -19.80]
6.793398e+09 [-3.71, 0.97] [-3.51, 1.97] [-3.31, 2.97]
7.052830e+09 [-3.90, -29.71] [-3.70, -28.71] [-3.50, -27.71]
7.322170e+09 [-4.14, -116.99] [-3.94, -115.99] [-3.74, -114.99]
7.601795e+09 [-4.51, 99.23] [-4.31, 100.23] [-4.11, 101.23]
7.892099e+09 [-4.58, -103.87] [-4.38, -102.87] [-4.18, -101.87]
8.193489e+09 [-4.35, -11.74] [-4.15, -10.74] [-3.95, -9.74]
8.506389e+09 [-4.21, 13.94] [-4.01, 14.94] [-3.81, 15.94]
8.831239e+09 [-4.20, -29.68] [-4.00, -28.68] [-3.80, -27.68]
9.168493e+09 [-4.42, -142.36] [-4.22, -141.36] [-4.02, -140.36]
9.518628e+09 [-4.41, 32.39] [-4.21, 33.39] [-4.01, 34.39]
9.882133e+09 [-4.56, 132.86] [-4.36, 133.86] [-4.16, 134.86]
1.025952e+10 [-4.67, 150.88] [-4.47, 151.88] [-4.27, 152.88]
1.065132e+10 [-5.06, 88.92] [-4.86, 89.92] [-4.66, 90.92]
1.105808e+10 [-5.50, -56.28] [-5.30, -55.28] [-5.10, -54.28]
1.148038e+10 [-5.46, 70.35] [-5.26, 71.35] [-5.06, 72.35]
1.191880e+10 [-5.80, 103.43] [-5.60, 104.43] [-5.40, 105.43]
1.237396e+10 [-5.42, 42.98] [-5.22, 43.98] [-5.02, 44.98]
1.284651e+10 [-5.64, -117.97] [-5.44, -116.97] [-5.24, -115.97]
1.333711e+10 [-5.78, -20.10] [-5.58, -19.10] [-5.38, -18.10]
1.384643e+10 [-5.68, -30.57] [-5.48, -29.57] [-5.28, -28.57]
1.437521e+10 [-5.64, -152.35] [-5.44, -151.35] [-5.24, -150.35]
1.492419e+10 [-5.87, -29.79] [-5.67, -28.79] [-5.47, -27.79]
1.549412e+10 [-6.22, -23.37] [-6.02, -22.37] [-5.82, -21.37]
1.608583e+10 [-6.42, -142.16] [-6.22, -141.16] [-6.02, -140.16]
1.670013e+10 [-6.39, -34.02] [-6.19, -33.02] [-5.99, -32.02]
1.733789e+10 [-7.55, -59.28] [-7.35, -58.28] [-7.15, -57.28]
1.800000e+10 [-7.65, 137.17] [-7.45, 138.17] [-7.25, 139.17]
