FUNIT: Hz
UNIT: dB
1.000000e+07 [-0.29, -25.35] [-0.09, -24.35] [0.11, -23.35]
1.038189e+07 [-0.29, -25.86] [-0.09, -24.86] [0.11, -23.86]
1.077836e+07 [-0.22, -28.00] [-0.02, -27.00] [0.18, -26.00]
1.118997e+07 [-0.22, -29.42] [-0.02, -28.42] [0.18, -27.42]
1.161731e+07 [-0.10, -30.62] [0.10, -29.62] [0.30, -28.62]
1.206096e+07 [-0.25, -32.36] [-0.05, -31.36] [0.15, -30.36]
1.252155e+07 [-0.37, -32.80] [-0.17, -31.80] [0.03, -30.80]
1.299974e+07 [-0.22, -33.78] [-0.02, -32.78] [0.18, -31.78]
1.349618e+07 [-0.29, -34.83] [-0.09, -33.83] [0.11, -32.83]
1.401158e+07 [-0.30, -36.19] [-0.10, -35.19] [0.10, -34.19]
1.454667e+07 [-0.26, -37.03] [-0.06, -36.03] [0.14, -35.03]
1.510219e+07 [-0.28, -39.12] [-0.08, -38.12] [0.12, -37.12]
1.567893e+07 [-0.29, -41.24] [-0.09, -40.24] [0.11, -39.24]
1.627769e+07 [-0.28, -42.11] [-0.08, -41.11] [0.12, -40.11]
1.689931e+07 [-0.23, -43.18] [-0.03, -42.18] [0.17, -41.18]
1.754468e+07 [-0.33, -45.12] [-0.13, -44.12] [0.07, -43.12]
1.821469e+07 [-0.28, -46.78] [-0.08, -45.78] [0.12, -44.78]
1.891029e+07 [-0.31, -48.94] [-0.11, -47.94] [0.09, -46.94]
1.963245e+07 [-0.27, -50.12] [-0.07, -49.12] [0.13, -48.12]
2.038219e+07 [-0.31, -52.20] [-0.11, -51.20] [0.09, -50.20]
2.116056e+07 [-0.22, -54.61] [-0.02, -53.61] [0.18, -52.61]
2.196866e+07 [-0.25, -56.23] [-0.05, -55.23] [0.15, -54.23]
2.280762e+07 [-0.32, -57.80] [-0.12, -56.80] [0.08, -55.80]
2.367862e+07 [-0.24, -60.19] [-0.04, -59.19] [0.16, -58.19]
2.458288e+07 [-0.25, -62.73] [-0.05, -61.73] [0.15, -60.73]
2.552167e+07 [-0.32, -65.27] [-0.12, -64.27] [0.08, -63.27]
2.649631e+07 [-0.25, -67.64] [-0.05, -66.64] [0.15, -65.64]
2.750818e+07 [-0.27, -70.17] [-0.07, -69.17] [0.13, -68.17]
2.855868e+07 [-0.21, -73.05] [-0.01, -72.05] [0.19, -71.05]
2.964930e+07 [-0.24, -75.70] [-0.04, -74.70] [0.16, -73.70]
3.078158e+07 [-0.25, -78.28] [-0.05, -77.28] [0.15, -76.28]
3.195709e+07 [-0.26, -81.36] [-0.06, -80.36] [0.14, -79.36]
3.317750e+07 [-0.29, -84.28] [-0.09, -83.28] [0.11, -82.28]
3.444451e+07 [-0.24, -87.44] [-0.04, -86.44] [0.16, -85.44]
3.575990e+07 [-0.31, -90.74] [-0.11, -89.74] [0.09, -88.74]
3.712553e+07 [-0.31, -93.91] [-0.11, -92.91] [0.09, -91.91]
3.854331e+07 [-0.32, -97.87] [-0.12, -96.87] [0.08, -95.87]
4.001524e+07 [-0.28, -101.40] [-0.08, -100.40] [0.12, -99.40]
4.154338e+07 [-0.30, -105.28] [-0.10, -104.28] [0.10, -103.28]
4.312987e+07 [-0.30, -109.21] [-0.10, -108.21] [0.10, -107.21]
4.477695e+07 [-0.29, -113.13] [-0.09, -112.13] [0.11, -111.13]
4.648693e+07 [-0.28, -117.49] [-0.08, -116.49] [0.12, -115.49]
4.826221e+07 [-0.27, -122.19] [-0.07, -121.19] [0.13, -120.19]
5.010529e+07 [-0.34, -126.91] [-0.14, -125.91] [0.06, -124.91]
5.201875e+07 [-0.28, -131.45] [-0.08, -130.45] [0.12, -129.45]
5.400529e+07 [-0.29, -136.59] [-0.09, -135.59] [0.11, -134.59]
5.606769e+07 [-0.26, -141.76] [-0.06, -140.76] [0.14, -139.76]
5.820885e+07 [-0.29, -147.04] [-0.09, -146.04] [0.11, -145.04]
6.043178e+07 [-0.29, -152.54] [-0.09, -151.54] [0.11, -150.54]
6.273960e+07 [-0.32, -158.43] [-0.12, -157.43] [0.08, -156.43]
6.513556e+07 [-0.31, -164.44] [-0.11, -163.44] [0.09, -162.44]
6.762301e+07 [-0.34, -170.70] [-0.14, -169.70] [0.06, -168.70]
7.020545e+07 [-0.30, -177.05] [-0.10, -176.05] [0.10, -175.05]
7.288652e+07 [-0.31, 176.20] [-0.11, 177.20] [0.09, 178.20]
7.566997e+07 [-0.30, 169.35] [-0.10, 170.35] [0.10, 171.35]
7.855972e+07 [-0.32, 162.17] [-0.12, 163.17] [0.08, 164.17]
8.155983e+07 [-0.33, 154.42] [-0.13, 155.42] [0.07, 156.42]
8.467450e+07 [-0.32, 146.79] [-0.12, 147.79] [0.08, 148.79]
8.790813e+07 [-0.33, 138.55] [-0.13, 139.55] [0.07, 140.55]
9.126524e+07 [-0.32, 130.33] [-0.12, 131.33] [0.08, 132.33]
9.475055e+07 [-0.33, 121.46] [-0.13, 122.46] [0.07, 123.46]
9.836897e+07 [-0.35, 112.48] [-0.15, 113.48] [0.05, 114.48]
1.021256e+08 [-0.34, 103.06] [-0.14, 104.06] [0.06, 105.06]
1.060256e+08 [-0.35, 93.35] [-0.15, 94.35] [0.05, 95.35]
1.100746e+08 [-0.37, 83.19] [-0.17, 84.19] [0.03, 85.19]
1.142782e+08 [-0.35, 72.71] [-0.15, 73.71] [0.05, 74.71]
1.186424e+08 [-0.35, 61.69] [-0.15, 62.69] [0.05, 63.69]
1.231732e+08 [-0.35, 50.41] [-0.15, 51.41] [0.05, 52.41]
1.278771e+08 [-0.35, 38.72] [-0.15, 39.72] [0.05, 40.72]
1.327605e+08 [-0.36, 26.42] [-0.16, 27.42] [0.04, 28.42]
1.378305e+08 [-0.37, 13.70] [-0.17, 14.70] [0.03, 15.70]
1.430941e+08 [-0.37, 0.58] [-0.17, 1.58] [0.03, 2.58]
1.485587e+08 [-0.38, -13.06] [-0.18, -12.06] [0.02, -11.06]
1.542320e+08 [-0.37, -27.23] [-0.17, -26.23] [0.03, -25.23]
1.601219e+08 [-0.37, -42.02] [-0.17, -41.02] [0.03, -40.02]
1.662368e+08 [-0.38, -57.36] [-0.18, -56.36] [0.02, -55.36]
1.725852e+08 [-0.39, -73.24] [-0.19, -72.24] [0.01, -71.24]
1.791760e+08 [-0.40, -89.68] [-0.20, -88.68] [-0.00, -87.68]
1.860186e+08 [-0.39, -106.84] [-0.19, -105.84] [0.01, -104.84]
1.931224e+08 [-0.40, -124.48] [-0.20, -123.48] [0.00, -122.48]
2.004975e+08 [-0.40, -143.00] [-0.20, -142.00] [0.00, -141.00]
2.081543e+08 [-0.40, -162.13] [-0.20, -161.13] [0.00, -160.13]
2.161035e+08 [-0.41, 177.94] [-0.21, 178.94] [-0.01, 179.94]
2.243562e+08 [-0.42, 157.39] [-0.22, 158.39] [-0.02, 159.39]
2.329241e+08 [-0.43, 135.91] [-0.23, 136.91] [-0.03, 137.91]
2.418192e+08 [-0.43, 113.71] [-0.23, 114.71] [-0.03, 115.71]
2.510540e+08 [-0.43, 90.61] [-0.23, 91.61] [-0.03, 92.61]
2.606415e+08 [-0.44, 66.64] [-0.24, 67.64] [-0.04, 68.64]
2.705951e+08 [-0.44, 41.77] [-0.24, 42.77] [-0.04, 43.77]
2.809288e+08 [-0.44, 15.89] [-0.24, 16.89] [-0.04, 17.89]
2.916571e+08 [-0.45, -10.91] [-0.25, -9.91] [-0.05, -8.91]
3.027952e+08 [-0.45, -38.72] [-0.25, -37.72] [-0.05, -36.72]
3.143586e+08 [-0.46, -67.61] [-0.26, -66.61] [-0.06, -65.61]
3.263636e+08 [-0.47, -97.62] [-0.27, -96.62] [-0.07, -95.62]
3.388271e+08 [-0.47, -128.81] [-0.27, -127.81] [-0.07, -126.81]
3.517665e+08 [-0.48, -161.17] [-0.28, -160.17] [-0.08, -159.17]
3.652000e+08 [-0.48, 165.26] [-0.28, 166.26] [-0.08, 167.26]
3.791466e+08 [-0.49, 130.43] [-0.29, 131.43] [-0.09, 132.43]
3.936258e+08 [-0.49, 94.23] [-0.29, 95.23] [-0.09, 96.23]
4.086579e+08 [-0.50, 56.70] [-0.30, 57.70] [-0.10, 58.70]
4.242641e+08 [-0.51, 17.66] [-0.31, 18.66] [-0.11, 19.66]
4.404662e+08 [-0.51, -22.80] [-0.31, -21.80] [-0.11, -20.80]
4.572871e+08 [-0.52, -64.82] [-0.32, -63.82] [-0.12, -62.82]
4.747504e+08 [-0.52, -108.47] [-0.32, -107.47] [-0.12, -106.47]
4.928806e+08 [-0.53, -153.80] [-0.33, -152.80] [-0.13, -151.80]
5.117031e+08 [-0.54, 159.19] [-0.34, 160.19] [-0.14, 161.19]
5.312445e+08 [-0.55, 110.37] [-0.35, 111.37] [-0.15, 112.37]
5.515321e+08 [-0.56, 59.64] [-0.36, 60.64] [-0.16, 61.64]
5.725945e+08 [-0.56, 7.03] [-0.36, 8.03] [-0.16, 9.03]
5.944612e+08 [-0.57, -47.58] [-0.37, -46.58] [-0.17, -45.58]
6.171630e+08 [-0.57, -104.30] [-0.37, -103.30] [-0.17, -102.30]
6.407317e+08 [-0.58, -163.19] [-0.38, -162.19] [-0.18, -161.19]
6.652006e+08 [-0.59, 135.66] [-0.39, 136.66] [-0.19, 137.66]
6.906038e+08 [-0.60, 72.19] [-0.40, 73.19] [-0.20, 74.19]
7.169772e+08 [-0.60, 6.30] [-0.40, 7.30] [-0.20, 8.30]
7.443577e+08 [-0.61, -62.11] [-0.41, -61.11] [-0.21, -60.11]
7.727839e+08 [-0.62, -133.12] [-0.42, -132.12] [-0.22, -131.12]
8.022956e+08 [-0.63, 153.15] [-0.43, 154.15] [-0.23, 155.15]
8.329344e+08 [-0.63, 76.63] [-0.43, 77.63] [-0.23, 78.63]
8.647432e+08 [-0.64, -2.87] [-0.44, -1.87] [-0.24, -0.87]
8.977667e+08 [-0.65, -85.36] [-0.45, -84.36] [-0.25, -83.36]
9.320514e+08 [-0.66, -171.01] [-0.46, -170.01] [-0.26, -169.01]
9.676454e+08 [-0.67, 100.07] [-0.47, 101.07] [-0.27, 102.07]
1.004599e+09 [-0.68, 7.75] [-0.48, 8.75] [-0.28, 9.75]
1.042963e+09 [-0.69, -88.06] [-0.49, -87.06] [-0.29, -86.06]
1.082793e+09 [-0.70, 172.40] [-0.50, 173.40] [-0.30, 174.40]
1.124143e+09 [-0.71, 69.13] [-0.51, 70.13] [-0.31, 71.13]
1.167073e+09 [-0.71, -38.13] [-0.51, -37.13] [-0.31, -36.13]
1.211642e+09 [-0.73, -149.47] [-0.53, -148.47] [-0.33, -147.47]
1.257913e+09 [-0.74, 94.97] [-0.54, 95.97] [-0.34, 96.97]
1.305952e+09 [-0.74, -25.05] [-0.54, -24.05] [-0.34, -23.05]
1.355825e+09 [-0.76, -149.62] [-0.56, -148.62] [-0.36, -147.62]
1.407602e+09 [-0.77, 81.07] [-0.57, 82.07] [-0.37, 83.07]
1.461357e+09 [-0.78, -53.24] [-0.58, -52.24] [-0.38, -51.24]
1.517164e+09 [-0.79, 167.36] [-0.59, 168.36] [-0.39, 169.36]
1.575103e+09 [-0.80, 22.61] [-0.60, 23.61] [-0.40, 24.61]
1.635254e+09 [-0.81, -127.61] [-0.61, -126.61] [-0.41, -125.61]
1.697703e+09 [-0.82, 76.37] [-0.62, 77.37] [-0.42, 78.37]
1.762536e+09 [-0.83, -85.55] [-0.63, -84.55] [-0.43, -83.55]
1.829845e+09 [-0.84, 106.35] [-0.64, 107.35] [-0.44, 108.35]
1.899725e+09 [-0.85, -68.18] [-0.65, -67.18] [-0.45, -66.18]
1.972273e+09 [-0.87, 110.58] [-0.67, 111.58] [-0.47, 112.58]
2.047592e+09 [-0.88, -77.57] [-0.68, -76.57] [-0.48, -75.57]
2.125787e+09 [-0.89, 87.13] [-0.69, 88.13] [-0.49, 89.13]
2.206969e+09 [-0.90, -115.61] [-0.70, -114.61] [-0.50, -113.61]
2.291250e+09 [-0.92, 33.83] [-0.72, 34.83] [-0.52, 35.83]
2.378751e+09 [-0.92, 175.33] [-0.72, 176.33] [-0.52, 177.33]
2.469592e+09 [-0.93, -51.58] [-0.73, -50.58] [-0.53, -49.58]
2.563903e+09 [-0.96, 72.88] [-0.76, 73.88] [-0.56, 74.88]
2.661816e+09 [-0.97, -171.74] [-0.77, -170.74] [-0.57, -169.74]
2.763468e+09 [-0.98, -65.62] [-0.78, -64.62] [-0.58, -63.62]
2.869001e+09 [-1.00, 30.81] [-0.80, 31.81] [-0.60, 32.81]
2.978565e+09 [-1.02, 117.11] [-0.82, 118.11] [-0.62, 119.11]
3.092313e+09 [-1.03, -166.92] [-0.83, -165.92] [-0.63, -164.92]
3.210405e+09 [-1.04, -101.95] [-0.84, -100.95] [-0.64, -99.95]
3.333007e+09 [-1.07, -48.24] [-0.87, -47.24] [-0.67, -46.24]
3.460290e+09 [-1.08, -5.98] [-0.88, -4.98] [-0.68, -3.98]
3.592435e+09 [-1.09, 24.02] [-0.89, 25.02] [-0.69, 26.02]
3.729626e+09 [-1.09, 41.43] [-0.89, 42.43] [-0.69, 43.43]
3.872056e+09 [-1.13, 45.67] [-0.93, 46.67] [-0.73, 47.67]
4.019925e+09 [-1.17, 36.37] [-0.97, 37.37] [-0.77, 38.37]
4.173442e+09 [-1.17, 12.98] [-0.97, 13.98] [-0.77, 14.98]
4.332821e+09 [-1.20, -25.21] [-1.00, -24.21] [-0.80, -23.21]
4.498286e+09 [-1.23, -78.47] [-1.03, -77.47] [-0.83, -76.47]
4.670071e+09 [-1.25, -147.53] [-1.05, -146.53] [-0.85, -145.53]
4.848415e+09 [-1.29, 127.14] [-1.09, 128.14] [-0.89, 129.14]
5.033571e+09 [-1.31, 24.72] [-1.11, 25.72] [-0.91, 26.72]
5.225797e+09 [-1.36, -95.29] [-1.16, -94.29] [-0.96, -93.29]
5.425364e+09 [-1.42, 126.34] [-1.22, 127.34] [-1.02, 128.34]
5.632553e+09 [-1.44, -30.99] [-1.24, -29.99] [-1.04, -28.99]
5.847653e+09 [-1.45, 152.26] [-1.25, 153.26] [-1.05, 154.26]
6.070969e+09 [-1.47, -45.20] [-1.27, -44.20] [-1.07, -43.20]
6.302812e+09 [-1.47, 95.96] [-1.27, 96.96] [-1.07, 97.96]
6.543509e+09 [-1.47, -144.98] [-1.27, -143.98] [-1.07, -142.98]
6.793398e+09 [-1.45, -48.94] [-1.25, -47.94] [-1.05, -46.94]
7.052830e+09 [-1.46, 23.11] [-1.26, 24.11] [-1.06, 25.11]
7.322170e+09 [-1.46, 70.52] [-1.26, 71.52] [-1.06, 72.52]
7.601795e+09 [-1.44, 92.07] [-1.24, 93.07] [-1.04, 94.07]
7.892099e+09 [-1.45, 86.97] [-1.25, 87.97] [-1.05, 88.97]
8.193489e+09 [-1.45, 53.96] [-1.25, 54.96] [-1.05, 55.96]
8.506389e+09 [-1.50, -7.51] [-1.30, -6.51] [-1.10, -5.51]
8.831239e+09 [-1.53, -98.85] [-1.33, -97.85] [-1.13, -96.85]
9.168493e+09 [-1.57, 138.66] [-1.37, 139.66] [-1.17, 140.66]
9.518628e+09 [-1.59, -15.67] [-1.39, -14.67] [-1.19, -13.67]
9.882133e+09 [-1.62, 156.62] [-1.42, 157.62] [-1.22, 158.62]
1.025952e+10 [-1.65, -65.83] [-1.45, -64.83] [-1.25, -63.83]
1.065132e+10 [-1.68, 35.78] [-1.48, 36.78] [-1.28, 37.78]
1.105808e+10 [-1.72, 99.96] [-1.52, 100.96] [-1.32, 101.96]
1.148038e+10 [-1.73, 125.42] [-1.53, 126.42] [-1.33, 127.42]
1.191880e+10 [-1.77, 110.57] [-1.57, 111.57] [-1.37, 112.57]
1.237396e+10 [-1.79, 53.86] [-1.59, 54.86] [-1.39, 55.86]
1.284651e+10 [-1.82, -46.26] [-1.62, -45.26] [-1.42, -44.26]
1.333711e+10 [-1.92, 168.21] [-1.72, 169.21] [-1.52, 170.21]
1.384643e+10 [-2.00, -23.31] [-1.80, -22.31] [-1.60, -21.31]
1.437521e+10 [-1.94, 96.32] [-1.74, 97.32] [-1.54, 98.32]
1.492419e+10 [-1.98, 165.74] [-1.78, 166.74] [-1.58, 167.74]
1.549412e+10 [-2.03, -178.16] [-1.83, -177.16] [-1.63, -176.16]
1.608583e+10 [-2.04, 144.44] [-1.84, 145.44] [-1.64, 146.44]
1.670013e+10 [-2.01, 49.25] [-1.81, 50.25] [-1.61, 51.25]
1.733789e+10 [-2.14, -103.05] [-1.94, -102.05] [-1.74, -101.05]
1.800000e+10 [-2.15, 43.27] [-1.95, 44.27] [-1.75, 45.27]
