FUNIT: Hz
UNIT: dB
0 [-0.2, -2.00] [0, 0] [0.2, 2.00]
1.000000e+07 [-0.29, -48.00] [-0.09, -47.00] [0.11, -46.00]
1.038189e+07 [-0.31, -49.62] [-0.11, -48.62] [0.09, -47.62]
1.077836e+07 [-0.32, -49.98] [-0.12, -48.98] [0.08, -47.98]
1.118997e+07 [-0.52, -53.93] [-0.32, -52.93] [-0.12, -51.93]
1.161731e+07 [-0.37, -54.14] [-0.17, -53.14] [0.03, -52.14]
1.206096e+07 [-0.31, -56.77] [-0.11, -55.77] [0.09, -54.77]
1.252155e+07 [-0.28, -59.31] [-0.08, -58.31] [0.12, -57.31]
1.299974e+07 [-0.33, -60.76] [-0.13, -59.76] [0.07, -58.76]
1.349618e+07 [-0.29, -63.53] [-0.09, -62.53] [0.11, -61.53]
1.401158e+07 [-0.22, -65.71] [-0.02, -64.71] [0.18, -63.71]
1.454667e+07 [-0.39, -68.47] [-0.19, -67.47] [0.01, -66.47]
1.510219e+07 [-0.45, -70.03] [-0.25, -69.03] [-0.05, -68.03]
1.567893e+07 [-0.30, -73.59] [-0.10, -72.59] [0.10, -71.59]
1.627769e+07 [-0.37, -75.89] [-0.17, -74.89] [0.03, -73.89]
1.689931e+07 [-0.27, -78.60] [-0.07, -77.60] [0.13, -76.60]
1.754468e+07 [-0.28, -81.87] [-0.08, -80.87] [0.12, -79.87]
1.821469e+07 [-0.40, -84.51] [-0.20, -83.51] [-0.00, -82.51]
1.891029e+07 [-0.33, -87.90] [-0.13, -86.90] [0.07, -85.90]
1.963245e+07 [-0.39, -91.79] [-0.19, -90.79] [0.01, -89.79]
2.038219e+07 [-0.36, -95.01] [-0.16, -94.01] [0.04, -93.01]
2.116056e+07 [-0.36, -98.11] [-0.16, -97.11] [0.04, -96.11]
2.196866e+07 [-0.38, -102.21] [-0.18, -101.21] [0.02, -100.21]
2.280762e+07 [-0.32, -105.65] [-0.12, -104.65] [0.08, -103.65]
2.367862e+07 [-0.35, -110.29] [-0.15, -109.29] [0.05, -108.29]
2.458288e+07 [-0.34, -114.09] [-0.14, -113.09] [0.06, -112.09]
2.552167e+07 [-0.34, -118.39] [-0.14, -117.39] [0.06, -116.39]
2.649631e+07 [-0.36, -123.09] [-0.16, -122.09] [0.04, -121.09]
2.750818e+07 [-0.35, -127.34] [-0.15, -126.34] [0.05, -125.34]
2.855868e+07 [-0.36, -132.22] [-0.16, -131.22] [0.04, -130.22]
2.964930e+07 [-0.34, -137.56] [-0.14, -136.56] [0.06, -135.56]
3.078158e+07 [-0.38, -142.37] [-0.18, -141.37] [0.02, -140.37]
3.195709e+07 [-0.37, -147.81] [-0.17, -146.81] [0.03, -145.81]
3.317750e+07 [-0.38, -153.53] [-0.18, -152.53] [0.02, -151.53]
3.444451e+07 [-0.40, -159.38] [-0.20, -158.38] [-0.00, -157.38]
3.575990e+07 [-0.41, -165.08] [-0.21, -164.08] [-0.01, -163.08]
3.712553e+07 [-0.39, -171.60] [-0.19, -170.60] [0.01, -169.60]
3.854331e+07 [-0.42, -177.98] [-0.22, -176.98] [-0.02, -175.98]
4.001524e+07 [-0.43, 175.13] [-0.23, 176.13] [-0.03, 177.13]
4.154338e+07 [-0.41, 168.47] [-0.21, 169.47] [-0.01, 170.47]
4.312987e+07 [-0.40, 161.04] [-0.20, 162.04] [0.00, 163.04]
4.477695e+07 [-0.40, 153.61] [-0.20, 154.61] [0.00, 155.61]
4.648693e+07 [-0.40, 145.52] [-0.20, 146.52] [-0.00, 147.52]
4.826221e+07 [-0.39, 137.31] [-0.19, 138.31] [0.01, 139.31]
5.010529e+07 [-0.42, 128.96] [-0.22, 129.96] [-0.02, 130.96]
5.201875e+07 [-0.46, 120.14] [-0.26, 121.14] [-0.06, 122.14]
5.400529e+07 [-0.43, 111.16] [-0.23, 112.16] [-0.03, 113.16]
5.606769e+07 [-0.43, 101.73] [-0.23, 102.73] [-0.03, 103.73]
5.820885e+07 [-0.46, 91.99] [-0.26, 92.99] [-0.06, 93.99]
6.043178e+07 [-0.40, 81.62] [-0.20, 82.62] [-0.00, 83.62]
6.273960e+07 [-0.46, 71.01] [-0.26, 72.01] [-0.06, 73.01]
6.513556e+07 [-0.48, 60.09] [-0.28, 61.09] [-0.08, 62.09]
6.762301e+07 [-0.48, 48.76] [-0.28, 49.76] [-0.08, 50.76]
7.020545e+07 [-0.49, 37.16] [-0.29, 38.16] [-0.09, 39.16]
7.288652e+07 [-0.48, 24.72] [-0.28, 25.72] [-0.08, 26.72]
7.566997e+07 [-0.46, 12.10] [-0.26, 13.10] [-0.06, 14.10]
7.855972e+07 [-0.53, -1.17] [-0.33, -0.17] [-0.13, 0.83]
8.155983e+07 [-0.49, -14.90] [-0.29, -13.90] [-0.09, -12.90]
8.467450e+07 [-0.51, -29.25] [-0.31, -28.25] [-0.11, -27.25]
8.790813e+07 [-0.49, -43.93] [-0.29, -42.93] [-0.09, -41.93]
9.126524e+07 [-0.51, -59.28] [-0.31, -58.28] [-0.11, -57.28]
9.475055e+07 [-0.50, -75.22] [-0.30, -74.22] [-0.10, -73.22]
9.836897e+07 [-0.52, -91.76] [-0.32, -90.76] [-0.12, -89.76]
1.021256e+08 [-0.53, -108.81] [-0.33, -107.81] [-0.13, -106.81]
1.060256e+08 [-0.52, -126.83] [-0.32, -125.83] [-0.12, -124.83]
1.100746e+08 [-0.54, -145.34] [-0.34, -144.34] [-0.14, -143.34]
1.142782e+08 [-0.54, -164.54] [-0.34, -163.54] [-0.14, -162.54]
1.186424e+08 [-0.56, 175.64] [-0.36, 176.64] [-0.16, 177.64]
1.231732e+08 [-0.58, 154.90] [-0.38, 155.90] [-0.18, 156.90]
1.278771e+08 [-0.57, 133.37] [-0.37, 134.37] [-0.17, 135.37]
1.327605e+08 [-0.57, 111.01] [-0.37, 112.01] [-0.17, 113.01]
1.378305e+08 [-0.58, 87.88] [-0.38, 88.88] [-0.18, 89.88]
1.430941e+08 [-0.58, 63.81] [-0.38, 64.81] [-0.18, 65.81]
1.485587e+08 [-0.60, 38.86] [-0.40, 39.86] [-0.20, 40.86]
1.542320e+08 [-0.60, 12.94] [-0.40, 13.94] [-0.20, 14.94]
1.601219e+08 [-0.61, -14.00] [-0.41, -13.00] [-0.21, -12.00]
1.662368e+08 [-0.62, -41.91] [-0.42, -40.91] [-0.22, -39.91]
1.725852e+08 [-0.63, -70.98] [-0.43, -69.98] [-0.23, -68.98]
1.791760e+08 [-0.64, -100.99] [-0.44, -99.99] [-0.24, -98.99]
1.860186e+08 [-0.65, -132.29] [-0.45, -131.29] [-0.25, -130.29]
1.931224e+08 [-0.66, -164.79] [-0.46, -163.79] [-0.26, -162.79]
2.004975e+08 [-0.67, 161.57] [-0.47, 162.57] [-0.27, 163.57]
2.081543e+08 [-0.68, 126.56] [-0.48, 127.56] [-0.28, 128.56]
2.161035e+08 [-0.70, 90.32] [-0.50, 91.32] [-0.30, 92.32]
2.243562e+08 [-0.69, 52.57] [-0.49, 53.57] [-0.29, 54.57]
2.329241e+08 [-0.71, 13.42] [-0.51, 14.42] [-0.31, 15.42]
2.418192e+08 [-0.72, -27.22] [-0.52, -26.22] [-0.32, -25.22]
2.510540e+08 [-0.73, -69.39] [-0.53, -68.39] [-0.33, -67.39]
2.606415e+08 [-0.75, -113.15] [-0.55, -112.15] [-0.35, -111.15]
2.705951e+08 [-0.76, -158.63] [-0.56, -157.63] [-0.36, -156.63]
2.809288e+08 [-0.77, 154.20] [-0.57, 155.20] [-0.37, 156.20]
2.916571e+08 [-0.78, 105.22] [-0.58, 106.22] [-0.38, 107.22]
3.027952e+08 [-0.79, 54.36] [-0.59, 55.36] [-0.39, 56.36]
3.143586e+08 [-0.82, 1.59] [-0.62, 2.59] [-0.42, 3.59]
3.263636e+08 [-0.82, -53.22] [-0.62, -52.22] [-0.42, -51.22]
3.388271e+08 [-0.83, -110.11] [-0.63, -109.11] [-0.43, -108.11]
3.517665e+08 [-0.84, -169.20] [-0.64, -168.20] [-0.44, -167.20]
3.652000e+08 [-0.86, 129.46] [-0.66, 130.46] [-0.46, 131.46]
3.791466e+08 [-0.87, 65.82] [-0.67, 66.82] [-0.47, 67.82]
3.936258e+08 [-0.89, -0.31] [-0.69, 0.69] [-0.49, 1.69]
4.086579e+08 [-0.90, -68.92] [-0.70, -67.92] [-0.50, -66.92]
4.242641e+08 [-0.93, -140.16] [-0.73, -139.16] [-0.53, -138.16]
4.404662e+08 [-0.93, 145.95] [-0.73, 146.95] [-0.53, 147.95]
4.572871e+08 [-0.94, 69.16] [-0.74, 70.16] [-0.54, 71.16]
4.747504e+08 [-0.96, -10.62] [-0.76, -9.62] [-0.56, -8.62]
4.928806e+08 [-0.98, -93.33] [-0.78, -92.33] [-0.58, -91.33]
5.117031e+08 [-0.99, -179.24] [-0.79, -178.24] [-0.59, -177.24]
5.312445e+08 [-1.00, 91.52] [-0.80, 92.52] [-0.60, 93.52]
5.515321e+08 [-1.03, -1.02] [-0.83, -0.02] [-0.63, 0.98]
5.725945e+08 [-1.04, -97.14] [-0.84, -96.14] [-0.64, -95.14]
5.944612e+08 [-1.06, 163.06] [-0.86, 164.06] [-0.66, 165.06]
6.171630e+08 [-1.07, 59.43] [-0.87, 60.43] [-0.67, 61.43]
6.407317e+08 [-1.09, -48.11] [-0.89, -47.11] [-0.69, -46.11]
6.652006e+08 [-1.11, -159.78] [-0.91, -158.78] [-0.71, -157.78]
6.906038e+08 [-1.13, 84.28] [-0.93, 85.28] [-0.73, 86.28]
7.169772e+08 [-1.15, -36.04] [-0.95, -35.04] [-0.75, -34.04]
7.443577e+08 [-1.17, -161.00] [-0.97, -160.00] [-0.77, -159.00]
7.727839e+08 [-1.18, 69.29] [-0.98, 70.29] [-0.78, 71.29]
8.022956e+08 [-1.21, -65.34] [-1.01, -64.34] [-0.81, -63.34]
8.329344e+08 [-1.22, 154.86] [-1.02, 155.86] [-0.82, 156.86]
8.647432e+08 [-1.25, 9.67] [-1.05, 10.67] [-0.85, 11.67]
8.977667e+08 [-1.27, -141.01] [-1.07, -140.01] [-0.87, -139.01]
9.320514e+08 [-1.29, 62.60] [-1.09, 63.60] [-0.89, 64.60]
9.676454e+08 [-1.30, -99.84] [-1.10, -98.84] [-0.90, -97.84]
1.004599e+09 [-1.33, 91.58] [-1.13, 92.58] [-0.93, 93.58]
1.042963e+09 [-1.35, -83.46] [-1.15, -82.46] [-0.95, -81.46]
1.082793e+09 [-1.38, 94.84] [-1.18, 95.84] [-0.98, 96.84]
1.124143e+09 [-1.40, -93.84] [-1.20, -92.84] [-1.00, -91.84]
1.167073e+09 [-1.42, 70.31] [-1.22, 71.31] [-1.02, 72.31]
1.211642e+09 [-1.44, -133.07] [-1.24, -132.07] [-1.04, -131.07]
1.257913e+09 [-1.47, 15.83] [-1.27, 16.83] [-1.07, 17.83]
1.305952e+09 [-1.49, 156.65] [-1.29, 157.65] [-1.09, 158.65]
1.355825e+09 [-1.51, -70.89] [-1.31, -69.89] [-1.11, -68.89]
1.407602e+09 [-1.54, 52.96] [-1.34, 53.96] [-1.14, 54.96]
1.461357e+09 [-1.57, 167.71] [-1.37, 168.71] [-1.17, 169.71]
1.517164e+09 [-1.60, -86.92] [-1.40, -85.92] [-1.20, -84.92]
1.575103e+09 [-1.62, 8.67] [-1.42, 9.67] [-1.22, 10.67]
1.635254e+09 [-1.65, 94.30] [-1.45, 95.30] [-1.25, 96.30]
1.697703e+09 [-1.68, 169.38] [-1.48, 170.38] [-1.28, 171.38]
1.762536e+09 [-1.74, -126.32] [-1.54, -125.32] [-1.34, -124.32]
1.829845e+09 [-1.77, -73.31] [-1.57, -72.31] [-1.37, -71.31]
1.899725e+09 [-1.77, -32.01] [-1.57, -31.01] [-1.37, -30.01]
1.972273e+09 [-1.80, -3.11] [-1.60, -2.11] [-1.40, -1.11]
2.047592e+09 [-1.83, 13.27] [-1.63, 14.27] [-1.43, 15.27]
2.125787e+09 [-1.89, 16.56] [-1.69, 17.56] [-1.49, 18.56]
2.206969e+09 [-1.93, 6.32] [-1.73, 7.32] [-1.53, 8.32]
2.291250e+09 [-1.94, -18.09] [-1.74, -17.09] [-1.54, -16.09]
2.378751e+09 [-1.97, -57.23] [-1.77, -56.23] [-1.57, -55.23]
2.469592e+09 [-2.02, -111.57] [-1.82, -110.57] [-1.62, -109.57]
2.563903e+09 [-2.04, 178.26] [-1.84, 179.26] [-1.64, 180.26]
2.661816e+09 [-2.08, 91.50] [-1.88, 92.50] [-1.68, 93.50]
2.763468e+09 [-2.12, -12.31] [-1.92, -11.31] [-1.72, -10.31]
2.869001e+09 [-2.20, -133.89] [-2.00, -132.89] [-1.80, -131.89]
2.978565e+09 [-2.19, 86.70] [-1.99, 87.70] [-1.79, 88.70]
3.092313e+09 [-2.21, -72.28] [-2.01, -71.28] [-1.81, -70.28]
3.210405e+09 [-2.30, 108.84] [-2.10, 109.84] [-1.90, 110.84]
3.333007e+09 [-2.35, -90.24] [-2.15, -89.24] [-1.95, -88.24]
3.460290e+09 [-2.37, 48.97] [-2.17, 49.97] [-1.97, 50.97]
3.592435e+09 [-2.42, 166.45] [-2.22, 167.45] [-2.02, 168.45]
3.729626e+09 [-2.47, -99.66] [-2.27, -98.66] [-2.07, -97.66]
3.872056e+09 [-2.71, -29.27] [-2.51, -28.27] [-2.31, -27.27]
4.019925e+09 [-2.57, 16.81] [-2.37, 17.81] [-2.17, 18.81]
4.173442e+09 [-2.75, 35.18] [-2.55, 36.18] [-2.35, 37.18]
4.332821e+09 [-2.77, 30.66] [-2.57, 31.66] [-2.37, 32.66]
4.498286e+09 [-2.81, -5.36] [-2.61, -4.36] [-2.41, -3.36]
4.670071e+09 [-2.91, -68.28] [-2.71, -67.28] [-2.51, -66.28]
4.848415e+09 [-2.95, -162.45] [-2.75, -161.45] [-2.55, -160.45]
5.033571e+09 [-3.04, 72.42] [-2.84, 73.42] [-2.64, 74.42]
5.225797e+09 [-3.35, -84.69] [-3.15, -83.69] [-2.95, -82.69]
5.425364e+09 [-3.44, 86.27] [-3.24, 87.27] [-3.04, 88.27]
5.632553e+09 [-3.61, -139.14] [-3.41, -138.14] [-3.21, -137.14]
5.847653e+09 [-3.59, -38.45] [-3.39, -37.45] [-3.19, -36.45]
6.070969e+09 [-3.71, 23.43] [-3.51, 24.43] [-3.31, 25.43]
6.302812e+09 [-3.67, 46.09] [-3.47, 47.09] [-3.27, 48.09]
6.543509e+09 [-3.53, 28.44] [-3.33, 29.44] [-3.13, 30.44]
6.793398e+09 [-3.57, -31.72] [-3.37, -30.72] [-3.17, -29.72]
7.052830e+09 [-3.70, -135.18] [-3.50, -134.18] [-3.30, -133.18]
7.322170e+09 [-3.69, 76.54] [-3.49, 77.54] [-3.29, 78.54]
7.601795e+09 [-3.65, -119.49] [-3.45, -118.49] [-3.25, -117.49]
7.892099e+09 [-3.67, -3.39] [-3.47, -2.39] [-3.27, -1.39]
8.193489e+09 [-3.78, 62.49] [-3.58, 63.49] [-3.38, 64.49]
8.506389e+09 [-3.81, 73.74] [-3.61, 74.74] [-3.41, 75.74]
8.831239e+09 [-4.03, 30.29] [-3.83, 31.29] [-3.63, 32.29]
9.168493e+09 [-4.11, -68.96] [-3.91, -67.96] [-3.71, -66.96]
9.518628e+09 [-4.05, 135.17] [-3.85, 136.17] [-3.65, 137.17]
9.882133e+09 [-4.25, -82.33] [-4.05, -81.33] [-3.85, -80.33]
1.025952e+10 [-4.22, -8.13] [-4.02, -7.13] [-3.82, -6.13]
1.065132e+10 [-4.30, 4.37] [-4.10, 5.37] [-3.90, 6.37]
1.105808e+10 [-4.75, -51.48] [-4.55, -50.48] [-4.35, -49.48]
1.148038e+10 [-4.94, -180.99] [-4.74, -179.99] [-4.54, -178.99]
1.191880e+10 [-5.09, -22.29] [-4.89, -21.29] [-4.69, -20.29]
1.237396e+10 [-5.47, 62.26] [-5.27, 63.26] [-5.07, 64.26]
1.284651e+10 [-5.65, 63.92] [-5.45, 64.92] [-5.25, 65.92]
1.333711e+10 [-5.02, -13.44] [-4.82, -12.44] [-4.62, -11.44]
1.384643e+10 [-5.32, 178.41] [-5.12, 179.41] [-4.92, 180.41]
1.437521e+10 [-5.58, -72.25] [-5.38, -71.25] [-5.18, -70.25]
1.492419e+10 [-5.22, -65.47] [-5.02, -64.47] [-4.82, -63.47]
1.549412e+10 [-5.52, -153.18] [-5.32, -152.18] [-5.12, -151.18]
1.608583e+10 [-6.39, 18.55] [-6.19, 19.55] [-5.99, 20.55]
1.670013e+10 [-5.89, 90.16] [-5.69, 91.16] [-5.49, 92.16]
1.733789e+10 [-6.06, 50.40] [-5.86, 51.40] [-5.66, 52.40]
1.800000e+10 [-7.11, -110.05] [-6.91, -109.05] [-6.71, -108.05]
