FUNIT: Hz
UNIT: dB
1.000000e+07 [-0.38, -68.38] [-0.18, -67.38] [0.02, -66.38]
1.038189e+07 [-0.33, -70.98] [-0.13, -69.98] [0.07, -68.98]
1.077836e+07 [-0.34, -72.21] [-0.14, -71.21] [0.06, -70.21]
1.118997e+07 [-0.60, -76.54] [-0.40, -75.54] [-0.20, -74.54]
1.161731e+07 [-0.38, -78.02] [-0.18, -77.02] [0.02, -76.02]
1.206096e+07 [-0.32, -81.43] [-0.12, -80.43] [0.08, -79.43]
1.252155e+07 [-0.32, -84.92] [-0.12, -83.92] [0.08, -82.92]
1.299974e+07 [-0.38, -87.42] [-0.18, -86.42] [0.02, -85.42]
1.349618e+07 [-0.31, -90.91] [-0.11, -89.91] [0.09, -88.91]
1.401158e+07 [-0.26, -94.65] [-0.06, -93.65] [0.14, -92.65]
1.454667e+07 [-0.45, -98.34] [-0.25, -97.34] [-0.05, -96.34]
1.510219e+07 [-0.48, -101.02] [-0.28, -100.02] [-0.08, -99.02]
1.567893e+07 [-0.35, -105.70] [-0.15, -104.70] [0.05, -103.70]
1.627769e+07 [-0.39, -108.95] [-0.19, -107.95] [0.01, -106.95]
1.689931e+07 [-0.30, -113.24] [-0.10, -112.24] [0.10, -111.24]
1.754468e+07 [-0.34, -117.67] [-0.14, -116.67] [0.06, -115.67]
1.821469e+07 [-0.43, -121.86] [-0.23, -120.86] [-0.03, -119.86]
1.891029e+07 [-0.39, -126.56] [-0.19, -125.56] [0.01, -124.56]
1.963245e+07 [-0.41, -131.99] [-0.21, -130.99] [-0.01, -129.99]
2.038219e+07 [-0.40, -136.60] [-0.20, -135.60] [-0.00, -134.60]
2.116056e+07 [-0.41, -141.28] [-0.21, -140.28] [-0.01, -139.28]
2.196866e+07 [-0.43, -147.17] [-0.23, -146.17] [-0.03, -145.17]
2.280762e+07 [-0.39, -152.35] [-0.19, -151.35] [0.01, -150.35]
2.367862e+07 [-0.39, -158.56] [-0.19, -157.56] [0.01, -156.56]
2.458288e+07 [-0.37, -164.36] [-0.17, -163.36] [0.03, -162.36]
2.552167e+07 [-0.39, -170.58] [-0.19, -169.58] [0.01, -168.58]
2.649631e+07 [-0.41, -177.10] [-0.21, -176.10] [-0.01, -175.10]
2.750818e+07 [-0.40, 176.40] [-0.20, 177.40] [-0.00, 178.40]
2.855868e+07 [-0.42, 169.42] [-0.22, 170.42] [-0.02, 171.42]
2.964930e+07 [-0.38, 161.80] [-0.18, 162.80] [0.02, 163.80]
3.078158e+07 [-0.44, 154.89] [-0.24, 155.89] [-0.04, 156.89]
3.195709e+07 [-0.41, 146.83] [-0.21, 147.83] [-0.01, 148.83]
3.317750e+07 [-0.43, 138.71] [-0.23, 139.71] [-0.03, 140.71]
3.444451e+07 [-0.45, 130.32] [-0.25, 131.32] [-0.05, 132.32]
3.575990e+07 [-0.44, 121.82] [-0.24, 122.82] [-0.04, 123.82]
3.712553e+07 [-0.44, 112.55] [-0.24, 113.55] [-0.04, 114.55]
3.854331e+07 [-0.47, 103.36] [-0.27, 104.36] [-0.07, 105.36]
4.001524e+07 [-0.49, 93.41] [-0.29, 94.41] [-0.09, 95.41]
4.154338e+07 [-0.46, 83.68] [-0.26, 84.68] [-0.06, 85.68]
4.312987e+07 [-0.46, 73.00] [-0.26, 74.00] [-0.06, 75.00]
4.477695e+07 [-0.45, 62.23] [-0.25, 63.23] [-0.05, 64.23]
4.648693e+07 [-0.46, 50.64] [-0.26, 51.64] [-0.06, 52.64]
4.826221e+07 [-0.46, 38.93] [-0.26, 39.93] [-0.06, 40.93]
5.010529e+07 [-0.49, 26.75] [-0.29, 27.75] [-0.09, 28.75]
5.201875e+07 [-0.51, 14.04] [-0.31, 15.04] [-0.11, 16.04]
5.400529e+07 [-0.49, 1.00] [-0.29, 2.00] [-0.09, 3.00]
5.606769e+07 [-0.50, -12.59] [-0.30, -11.59] [-0.10, -10.59]
5.820885e+07 [-0.53, -26.74] [-0.33, -25.74] [-0.13, -24.74]
6.043178e+07 [-0.46, -41.61] [-0.26, -40.61] [-0.06, -39.61]
6.273960e+07 [-0.52, -56.93] [-0.32, -55.93] [-0.12, -54.93]
6.513556e+07 [-0.55, -72.68] [-0.35, -71.68] [-0.15, -70.68]
6.762301e+07 [-0.54, -89.07] [-0.34, -88.07] [-0.14, -87.07]
7.020545e+07 [-0.56, -105.96] [-0.36, -104.96] [-0.16, -103.96]
7.288652e+07 [-0.54, -123.86] [-0.34, -122.86] [-0.14, -121.86]
7.566997e+07 [-0.54, -142.15] [-0.34, -141.15] [-0.14, -140.15]
7.855972e+07 [-0.59, -161.31] [-0.39, -160.31] [-0.19, -159.31]
8.155983e+07 [-0.56, 178.85] [-0.36, 179.85] [-0.16, 180.85]
8.467450e+07 [-0.58, 158.17] [-0.38, 159.17] [-0.18, 160.17]
8.790813e+07 [-0.58, 136.87] [-0.38, 137.87] [-0.18, 138.87]
9.126524e+07 [-0.58, 114.71] [-0.38, 115.71] [-0.18, 116.71]
9.475055e+07 [-0.59, 91.68] [-0.39, 92.68] [-0.19, 93.68]
9.836897e+07 [-0.59, 67.79] [-0.39, 68.79] [-0.19, 69.79]
1.021256e+08 [-0.61, 43.07] [-0.41, 44.07] [-0.21, 45.07]
1.060256e+08 [-0.61, 17.13] [-0.41, 18.13] [-0.21, 19.13]
1.100746e+08 [-0.62, -9.66] [-0.42, -8.66] [-0.22, -7.66]
1.142782e+08 [-0.64, -37.42] [-0.44, -36.42] [-0.24, -35.42]
1.186424e+08 [-0.64, -66.10] [-0.44, -65.10] [-0.24, -64.10]
1.231732e+08 [-0.66, -96.07] [-0.46, -95.07] [-0.26, -94.07]
1.278771e+08 [-0.66, -127.20] [-0.46, -126.20] [-0.26, -125.20]
1.327605e+08 [-0.67, -159.50] [-0.47, -158.50] [-0.27, -157.50]
1.378305e+08 [-0.68, 167.09] [-0.48, 168.09] [-0.28, 169.09]
1.430941e+08 [-0.68, 132.28] [-0.48, 133.28] [-0.28, 134.28]
1.485587e+08 [-0.69, 96.23] [-0.49, 97.23] [-0.29, 98.23]
1.542320e+08 [-0.70, 58.74] [-0.50, 59.74] [-0.30, 60.74]
1.601219e+08 [-0.72, 19.83] [-0.52, 20.83] [-0.32, 21.83]
1.662368e+08 [-0.73, -20.53] [-0.53, -19.53] [-0.33, -18.53]
1.725852e+08 [-0.74, -62.49] [-0.54, -61.49] [-0.34, -60.49]
1.791760e+08 [-0.75, -105.94] [-0.55, -104.94] [-0.35, -103.94]
1.860186e+08 [-0.76, -151.16] [-0.56, -150.16] [-0.36, -149.16]
1.931224e+08 [-0.77, 161.89] [-0.57, 162.89] [-0.37, 163.89]
2.004975e+08 [-0.79, 113.22] [-0.59, 114.22] [-0.39, 115.22]
2.081543e+08 [-0.80, 62.66] [-0.60, 63.66] [-0.40, 64.66]
2.161035e+08 [-0.82, 10.23] [-0.62, 11.23] [-0.42, 12.23]
2.243562e+08 [-0.81, -44.31] [-0.61, -43.31] [-0.41, -42.31]
2.329241e+08 [-0.83, -100.87] [-0.63, -99.87] [-0.43, -98.87]
2.418192e+08 [-0.85, -159.64] [-0.65, -158.64] [-0.45, -157.64]
2.510540e+08 [-0.86, 139.42] [-0.66, 140.42] [-0.46, 141.42]
2.606415e+08 [-0.88, 76.16] [-0.68, 77.16] [-0.48, 78.16]
2.705951e+08 [-0.89, 10.43] [-0.69, 11.43] [-0.49, 12.43]
2.809288e+08 [-0.90, -57.78] [-0.70, -56.78] [-0.50, -55.78]
2.916571e+08 [-0.92, -128.58] [-0.72, -127.58] [-0.52, -126.58]
3.027952e+08 [-0.93, 157.88] [-0.73, 158.88] [-0.53, 159.88]
3.143586e+08 [-0.95, 81.58] [-0.75, 82.58] [-0.55, 83.58]
3.263636e+08 [-0.97, 2.38] [-0.77, 3.38] [-0.57, 4.38]
3.388271e+08 [-0.98, -79.87] [-0.78, -78.87] [-0.58, -77.87]
3.517665e+08 [-0.99, -165.29] [-0.79, -164.29] [-0.59, -163.29]
3.652000e+08 [-1.01, 106.04] [-0.81, 107.04] [-0.61, 108.04]
3.791466e+08 [-1.03, 14.03] [-0.83, 15.03] [-0.63, 16.03]
3.936258e+08 [-1.04, -81.55] [-0.84, -80.55] [-0.64, -79.55]
4.086579e+08 [-1.06, -180.75] [-0.86, -179.75] [-0.66, -178.75]
4.242641e+08 [-1.08, 76.25] [-0.88, 77.25] [-0.68, 78.25]
4.404662e+08 [-1.09, -30.59] [-0.89, -29.59] [-0.69, -28.59]
4.572871e+08 [-1.10, -141.61] [-0.90, -140.61] [-0.70, -139.61]
4.747504e+08 [-1.12, 103.09] [-0.92, 104.09] [-0.72, 105.09]
4.928806e+08 [-1.15, -16.50] [-0.95, -15.50] [-0.75, -14.50]
5.117031e+08 [-1.16, -140.70] [-0.96, -139.70] [-0.76, -138.70]
5.312445e+08 [-1.18, 90.32] [-0.98, 91.32] [-0.78, 92.32]
5.515321e+08 [-1.20, -43.49] [-1.00, -42.49] [-0.80, -41.49]
5.725945e+08 [-1.22, 177.54] [-1.02, 178.54] [-0.82, 179.54]
5.944612e+08 [-1.24, 33.25] [-1.04, 34.25] [-0.84, 35.25]
6.171630e+08 [-1.26, -116.54] [-1.06, -115.54] [-0.86, -114.54]
6.407317e+08 [-1.28, 87.96] [-1.08, 88.96] [-0.88, 89.96]
6.652006e+08 [-1.31, -73.47] [-1.11, -72.47] [-0.91, -71.47]
6.906038e+08 [-1.33, 118.93] [-1.13, 119.93] [-0.93, 120.93]
7.169772e+08 [-1.35, -55.04] [-1.15, -54.04] [-0.95, -53.04]
7.443577e+08 [-1.37, 124.32] [-1.17, 125.32] [-0.97, 126.32]
7.727839e+08 [-1.39, -63.22] [-1.19, -62.22] [-0.99, -61.22]
8.022956e+08 [-1.42, 102.11] [-1.22, 103.11] [-1.02, 104.11]
8.329344e+08 [-1.43, -99.99] [-1.23, -98.99] [-1.03, -97.99]
8.647432e+08 [-1.46, 50.11] [-1.26, 51.11] [-1.06, 52.11]
8.977667e+08 [-1.49, -167.74] [-1.29, -166.74] [-1.09, -165.74]
9.320514e+08 [-1.52, -33.88] [-1.32, -32.88] [-1.12, -31.88]
9.676454e+08 [-1.53, 91.30] [-1.33, 92.30] [-1.13, 93.30]
1.004599e+09 [-1.57, -152.46] [-1.37, -151.46] [-1.17, -150.46]
1.042963e+09 [-1.59, -45.53] [-1.39, -44.53] [-1.19, -43.53]
1.082793e+09 [-1.62, 51.76] [-1.42, 52.76] [-1.22, 53.76]
1.124143e+09 [-1.64, 139.00] [-1.44, 140.00] [-1.24, 141.00]
1.167073e+09 [-1.66, -144.17] [-1.46, -143.17] [-1.26, -142.17]
1.211642e+09 [-1.69, -78.18] [-1.49, -77.18] [-1.29, -76.18]
1.257913e+09 [-1.72, -23.41] [-1.52, -22.41] [-1.32, -21.41]
1.305952e+09 [-1.75, 19.70] [-1.55, 20.70] [-1.35, 21.70]
1.355825e+09 [-1.78, 50.69] [-1.58, 51.69] [-1.38, 52.69]
1.407602e+09 [-1.81, 69.25] [-1.61, 70.25] [-1.41, 71.25]
1.461357e+09 [-1.84, 74.68] [-1.64, 75.68] [-1.44, 76.68]
1.517164e+09 [-1.87, 66.55] [-1.67, 67.55] [-1.47, 68.55]
1.575103e+09 [-1.90, 44.34] [-1.70, 45.34] [-1.50, 46.34]
1.635254e+09 [-1.94, 7.62] [-1.74, 8.62] [-1.54, 9.62]
1.697703e+09 [-1.98, -44.30] [-1.78, -43.30] [-1.58, -42.30]
1.762536e+09 [-2.02, -111.90] [-1.82, -110.90] [-1.62, -109.90]
1.829845e+09 [-2.06, 164.20] [-1.86, 165.20] [-1.66, 166.20]
1.899725e+09 [-2.09, 63.39] [-1.89, 64.39] [-1.69, 65.39]
1.972273e+09 [-2.12, -55.20] [-1.92, -54.20] [-1.72, -53.20]
2.047592e+09 [-2.15, 167.97] [-1.95, 168.97] [-1.75, 169.97]
2.125787e+09 [-2.21, 12.26] [-2.01, 13.26] [-1.81, 14.26]
2.206969e+09 [-2.25, -163.22] [-2.05, -162.22] [-1.85, -161.22]
2.291250e+09 [-2.28, 1.09] [-2.08, 2.09] [-1.88, 3.09]
2.378751e+09 [-2.32, 144.02] [-2.12, 145.02] [-1.92, 146.02]
2.469592e+09 [-2.36, -95.02] [-2.16, -94.02] [-1.96, -93.02]
2.563903e+09 [-2.38, 2.98] [-2.18, 3.98] [-1.98, 4.98]
2.661816e+09 [-2.44, 77.16] [-2.24, 78.16] [-2.04, 79.16]
2.763468e+09 [-2.48, 126.61] [-2.28, 127.61] [-2.08, 128.61]
2.869001e+09 [-2.57, 150.66] [-2.37, 151.66] [-2.17, 152.66]
2.978565e+09 [-2.55, 148.28] [-2.35, 149.28] [-2.15, 150.28]
3.092313e+09 [-2.58, 117.92] [-2.38, 118.92] [-2.18, 119.92]
3.210405e+09 [-2.68, 59.01] [-2.48, 60.01] [-2.28, 61.01]
3.333007e+09 [-2.70, -29.31] [-2.50, -28.31] [-2.30, -27.31]
3.460290e+09 [-2.75, -149.05] [-2.55, -148.05] [-2.35, -147.05]
3.592435e+09 [-2.83, 59.73] [-2.63, 60.73] [-2.43, 61.73]
3.729626e+09 [-2.87, -125.31] [-2.67, -124.31] [-2.47, -123.31]
3.872056e+09 [-3.05, 15.10] [-2.85, 16.10] [-2.65, 17.10]
4.019925e+09 [-2.99, 120.81] [-2.79, 121.81] [-2.59, 122.81]
4.173442e+09 [-3.09, -172.51] [-2.89, -171.51] [-2.69, -170.51]
4.332821e+09 [-3.19, -141.86] [-2.99, -140.86] [-2.79, -139.86]
4.498286e+09 [-3.12, -153.92] [-2.92, -152.92] [-2.72, -151.92]
4.670071e+09 [-3.34, 153.53] [-3.14, 154.53] [-2.94, 155.53]
4.848415e+09 [-3.31, 56.97] [-3.11, 57.97] [-2.91, 58.97]
5.033571e+09 [-3.31, -84.05] [-3.11, -83.05] [-2.91, -82.05]
5.225797e+09 [-3.46, 87.64] [-3.26, 88.64] [-3.06, 89.64]
5.425364e+09 [-3.41, -147.63] [-3.21, -146.63] [-3.01, -145.63]
5.632553e+09 [-3.51, -74.46] [-3.31, -73.46] [-3.11, -72.46]
5.847653e+09 [-3.56, -52.92] [-3.36, -51.92] [-3.16, -50.92]
6.070969e+09 [-3.67, -85.72] [-3.47, -84.72] [-3.27, -83.72]
6.302812e+09 [-3.73, -174.84] [-3.53, -173.84] [-3.33, -172.84]
6.543509e+09 [-3.73, 37.49] [-3.53, 38.49] [-3.33, 39.49]
6.793398e+09 [-3.80, -170.50] [-3.60, -169.50] [-3.40, -168.50]
7.052830e+09 [-3.93, -82.02] [-3.73, -81.02] [-3.53, -80.02]
7.322170e+09 [-4.00, -58.36] [-3.80, -57.36] [-3.60, -56.36]
7.601795e+09 [-4.08, -103.34] [-3.88, -102.34] [-3.68, -101.34]
7.892099e+09 [-4.15, 142.36] [-3.95, 143.36] [-3.75, 144.36]
8.193489e+09 [-4.38, -44.60] [-4.18, -43.60] [-3.98, -42.60]
8.506389e+09 [-4.36, 50.74] [-4.16, 51.74] [-3.96, 52.74]
8.831239e+09 [-4.50, 67.91] [-4.30, 68.91] [-4.10, 69.91]
9.168493e+09 [-4.61, 2.34] [-4.41, 3.34] [-4.21, 4.34]
9.518628e+09 [-4.62, -145.42] [-4.42, -144.42] [-4.22, -143.42]
9.882133e+09 [-4.84, -22.64] [-4.64, -21.64] [-4.44, -20.64]
1.025952e+10 [-4.79, 5.83] [-4.59, 6.83] [-4.39, 7.83]
1.065132e+10 [-4.79, -58.96] [-4.59, -57.96] [-4.39, -56.96]
1.105808e+10 [-4.95, 137.08] [-4.75, 138.08] [-4.55, 139.08]
1.148038e+10 [-5.11, -131.44] [-4.91, -130.44] [-4.71, -129.44]
1.191880e+10 [-5.32, -145.28] [-5.12, -144.28] [-4.92, -143.28]
1.237396e+10 [-5.85, 90.66] [-5.65, 91.66] [-5.45, 92.66]
1.284651e+10 [-6.54, -146.57] [-6.34, -145.57] [-6.14, -144.57]
1.333711e+10 [-5.63, -141.81] [-5.43, -140.81] [-5.23, -139.81]
1.384643e+10 [-6.14, 92.86] [-5.94, 93.86] [-5.74, 94.86]
1.437521e+10 [-6.05, -151.25] [-5.85, -150.25] [-5.65, -149.25]
1.492419e+10 [-5.98, -179.83] [-5.78, -178.83] [-5.58, -177.83]
1.549412e+10 [-6.09, 13.63] [-5.89, 14.63] [-5.69, 15.63]
1.608583e+10 [-6.64, 60.90] [-6.44, 61.90] [-6.24, 62.90]
1.670013e+10 [-6.54, -36.26] [-6.34, -35.26] [-6.14, -34.26]
1.733789e+10 [-6.58, 69.07] [-6.38, 70.07] [-6.18, 71.07]
1.800000e+10 [-7.55, 2.71] [-7.35, 3.71] [-7.15, 4.71]
