FUNIT: Hz
UNIT: dB
1.000000e+07 [-0.32, -39.57] [-0.12, -38.57] [0.08, -37.57]
1.038189e+07 [-0.29, -40.88] [-0.09, -39.88] [0.11, -38.88]
1.077836e+07 [-0.23, -41.06] [-0.03, -40.06] [0.17, -39.06]
1.118997e+07 [-0.52, -44.40] [-0.32, -43.40] [-0.12, -42.40]
1.161731e+07 [-0.33, -44.52] [-0.13, -43.52] [0.07, -42.52]
1.206096e+07 [-0.30, -46.74] [-0.10, -45.74] [0.10, -44.74]
1.252155e+07 [-0.31, -48.65] [-0.11, -47.65] [0.09, -46.65]
1.299974e+07 [-0.32, -50.02] [-0.12, -49.02] [0.08, -48.02]
1.349618e+07 [-0.27, -52.20] [-0.07, -51.20] [0.13, -50.20]
1.401158e+07 [-0.22, -54.15] [-0.02, -53.15] [0.18, -52.15]
1.454667e+07 [-0.36, -56.53] [-0.16, -55.53] [0.04, -54.53]
1.510219e+07 [-0.44, -57.61] [-0.24, -56.61] [-0.04, -55.61]
1.567893e+07 [-0.29, -60.68] [-0.09, -59.68] [0.11, -58.68]
1.627769e+07 [-0.32, -62.32] [-0.12, -61.32] [0.08, -60.32]
1.689931e+07 [-0.22, -64.69] [-0.02, -63.69] [0.18, -62.69]
1.754468e+07 [-0.25, -67.40] [-0.05, -66.40] [0.15, -65.40]
1.821469e+07 [-0.38, -69.64] [-0.18, -68.64] [0.02, -67.64]
1.891029e+07 [-0.34, -72.36] [-0.14, -71.36] [0.06, -70.36]
1.963245e+07 [-0.36, -75.80] [-0.16, -74.80] [0.04, -73.80]
2.038219e+07 [-0.32, -78.29] [-0.12, -77.29] [0.08, -76.29]
2.116056e+07 [-0.37, -80.64] [-0.17, -79.64] [0.03, -78.64]
2.196866e+07 [-0.34, -84.31] [-0.14, -83.31] [0.06, -82.31]
2.280762e+07 [-0.31, -86.93] [-0.11, -85.93] [0.09, -84.93]
2.367862e+07 [-0.30, -90.71] [-0.10, -89.71] [0.10, -88.71]
2.458288e+07 [-0.30, -93.98] [-0.10, -92.98] [0.10, -91.98]
2.552167e+07 [-0.32, -97.46] [-0.12, -96.46] [0.08, -95.46]
2.649631e+07 [-0.33, -101.24] [-0.13, -100.24] [0.07, -99.24]
2.750818e+07 [-0.33, -104.94] [-0.13, -103.94] [0.07, -102.94]
2.855868e+07 [-0.32, -108.94] [-0.12, -107.94] [0.08, -106.94]
2.964930e+07 [-0.30, -113.30] [-0.10, -112.30] [0.10, -111.30]
3.078158e+07 [-0.34, -117.23] [-0.14, -116.23] [0.06, -115.23]
3.195709e+07 [-0.34, -121.84] [-0.14, -120.84] [0.06, -119.84]
3.317750e+07 [-0.34, -126.44] [-0.14, -125.44] [0.06, -124.44]
3.444451e+07 [-0.34, -131.26] [-0.14, -130.26] [0.06, -129.26]
3.575990e+07 [-0.36, -136.00] [-0.16, -135.00] [0.04, -134.00]
3.712553e+07 [-0.36, -141.35] [-0.16, -140.35] [0.04, -139.35]
3.854331e+07 [-0.38, -146.45] [-0.18, -145.45] [0.02, -144.45]
4.001524e+07 [-0.39, -152.24] [-0.19, -151.24] [0.01, -150.24]
4.154338e+07 [-0.37, -157.64] [-0.17, -156.64] [0.03, -155.64]
4.312987e+07 [-0.36, -163.81] [-0.16, -162.81] [0.04, -161.81]
4.477695e+07 [-0.36, -169.84] [-0.16, -168.84] [0.04, -167.84]
4.648693e+07 [-0.36, -176.61] [-0.16, -175.61] [0.04, -174.61]
4.826221e+07 [-0.35, 176.75] [-0.15, 177.75] [0.05, 178.75]
5.010529e+07 [-0.37, 169.82] [-0.17, 170.82] [0.03, 171.82]
5.201875e+07 [-0.40, 162.55] [-0.20, 163.55] [-0.00, 164.55]
5.400529e+07 [-0.38, 155.25] [-0.18, 156.25] [0.02, 157.25]
5.606769e+07 [-0.38, 147.42] [-0.18, 148.42] [0.02, 149.42]
5.820885e+07 [-0.41, 139.40] [-0.21, 140.40] [-0.01, 141.40]
6.043178e+07 [-0.35, 130.84] [-0.15, 131.84] [0.05, 132.84]
6.273960e+07 [-0.41, 122.11] [-0.21, 123.11] [-0.01, 124.11]
6.513556e+07 [-0.43, 113.20] [-0.23, 114.20] [-0.03, 115.20]
6.762301e+07 [-0.42, 103.85] [-0.22, 104.85] [-0.02, 105.85]
7.020545e+07 [-0.44, 94.28] [-0.24, 95.28] [-0.04, 96.28]
7.288652e+07 [-0.41, 84.06] [-0.21, 85.06] [-0.01, 86.06]
7.566997e+07 [-0.40, 73.68] [-0.20, 74.68] [-0.00, 75.68]
7.855972e+07 [-0.46, 62.75] [-0.26, 63.75] [-0.06, 64.75]
8.155983e+07 [-0.43, 51.48] [-0.23, 52.48] [-0.03, 53.48]
8.467450e+07 [-0.44, 39.65] [-0.24, 40.65] [-0.04, 41.65]
8.790813e+07 [-0.43, 27.58] [-0.23, 28.58] [-0.03, 29.58]
9.126524e+07 [-0.44, 14.97] [-0.24, 15.97] [-0.04, 16.97]
9.475055e+07 [-0.44, 1.86] [-0.24, 2.86] [-0.04, 3.86]
9.836897e+07 [-0.44, -11.77] [-0.24, -10.77] [-0.04, -9.77]
1.021256e+08 [-0.46, -25.77] [-0.26, -24.77] [-0.06, -23.77]
1.060256e+08 [-0.45, -40.62] [-0.25, -39.62] [-0.05, -38.62]
1.100746e+08 [-0.46, -55.87] [-0.26, -54.87] [-0.06, -53.87]
1.142782e+08 [-0.47, -71.67] [-0.27, -70.67] [-0.07, -69.67]
1.186424e+08 [-0.47, -87.95] [-0.27, -86.95] [-0.07, -85.95]
1.231732e+08 [-0.49, -105.02] [-0.29, -104.02] [-0.09, -103.02]
1.278771e+08 [-0.47, -122.77] [-0.27, -121.77] [-0.07, -120.77]
1.327605e+08 [-0.48, -141.19] [-0.28, -140.19] [-0.08, -139.19]
1.378305e+08 [-0.50, -160.18] [-0.30, -159.18] [-0.10, -158.18]
1.430941e+08 [-0.49, -179.99] [-0.29, -178.99] [-0.09, -177.99]
1.485587e+08 [-0.50, 159.52] [-0.30, 160.52] [-0.10, 161.52]
1.542320e+08 [-0.51, 138.18] [-0.31, 139.18] [-0.11, 140.18]
1.601219e+08 [-0.51, 115.99] [-0.31, 116.99] [-0.11, 117.99]
1.662368e+08 [-0.52, 92.99] [-0.32, 93.99] [-0.12, 94.99]
1.725852e+08 [-0.53, 69.08] [-0.33, 70.08] [-0.13, 71.08]
1.791760e+08 [-0.53, 44.40] [-0.33, 45.40] [-0.13, 46.40]
1.860186e+08 [-0.54, 18.65] [-0.34, 19.65] [-0.14, 20.65]
1.931224e+08 [-0.55, -8.09] [-0.35, -7.09] [-0.15, -6.09]
2.004975e+08 [-0.56, -35.79] [-0.36, -34.79] [-0.16, -33.79]
2.081543e+08 [-0.56, -64.60] [-0.36, -63.60] [-0.16, -62.60]
2.161035e+08 [-0.58, -94.41] [-0.38, -93.41] [-0.18, -92.41]
2.243562e+08 [-0.57, -125.48] [-0.37, -124.48] [-0.17, -123.48]
2.329241e+08 [-0.59, -157.69] [-0.39, -156.69] [-0.19, -155.69]
2.418192e+08 [-0.59, 168.86] [-0.39, 169.86] [-0.19, 170.86]
2.510540e+08 [-0.59, 134.17] [-0.39, 135.17] [-0.19, 136.17]
2.606415e+08 [-0.61, 98.15] [-0.41, 99.15] [-0.21, 100.15]
2.705951e+08 [-0.61, 60.71] [-0.41, 61.71] [-0.21, 62.71]
2.809288e+08 [-0.62, 21.90] [-0.42, 22.90] [-0.22, 23.90]
2.916571e+08 [-0.63, -18.40] [-0.43, -17.40] [-0.23, -16.40]
3.027952e+08 [-0.63, -60.25] [-0.43, -59.25] [-0.23, -58.25]
3.143586e+08 [-0.65, -103.71] [-0.45, -102.71] [-0.25, -101.71]
3.263636e+08 [-0.66, -148.85] [-0.46, -147.85] [-0.26, -146.85]
3.388271e+08 [-0.67, 164.37] [-0.47, 165.37] [-0.27, 166.37]
3.517665e+08 [-0.67, 115.73] [-0.47, 116.73] [-0.27, 117.73]
3.652000e+08 [-0.68, 65.26] [-0.48, 66.26] [-0.28, 67.26]
3.791466e+08 [-0.69, 12.88] [-0.49, 13.88] [-0.29, 14.88]
3.936258e+08 [-0.70, -41.55] [-0.50, -40.55] [-0.30, -39.55]
4.086579e+08 [-0.72, -98.03] [-0.52, -97.03] [-0.32, -96.03]
4.242641e+08 [-0.73, -156.67] [-0.53, -155.67] [-0.33, -154.67]
4.404662e+08 [-0.73, 142.51] [-0.53, 143.51] [-0.33, 144.51]
4.572871e+08 [-0.74, 79.31] [-0.54, 80.31] [-0.34, 81.31]
4.747504e+08 [-0.76, 13.67] [-0.56, 14.67] [-0.36, 15.67]
4.928806e+08 [-0.77, -54.41] [-0.57, -53.41] [-0.37, -52.41]
5.117031e+08 [-0.78, -125.12] [-0.58, -124.12] [-0.38, -123.12]
5.312445e+08 [-0.79, 161.50] [-0.59, 162.50] [-0.39, 163.50]
5.515321e+08 [-0.80, 85.30] [-0.60, 86.30] [-0.40, 87.30]
5.725945e+08 [-0.81, 6.20] [-0.61, 7.20] [-0.41, 8.20]
5.944612e+08 [-0.83, -75.94] [-0.63, -74.94] [-0.43, -73.94]
6.171630e+08 [-0.84, -161.24] [-0.64, -160.24] [-0.44, -159.24]
6.407317e+08 [-0.85, 110.25] [-0.65, 111.25] [-0.45, 112.25]
6.652006e+08 [-0.87, 18.35] [-0.67, 19.35] [-0.47, 20.35]
6.906038e+08 [-0.88, -77.07] [-0.68, -76.07] [-0.48, -75.07]
7.169772e+08 [-0.89, -176.10] [-0.69, -175.10] [-0.49, -174.10]
7.443577e+08 [-0.90, 81.05] [-0.70, 82.05] [-0.50, 83.05]
7.727839e+08 [-0.92, -25.71] [-0.72, -24.71] [-0.52, -23.71]
8.022956e+08 [-0.93, -136.50] [-0.73, -135.50] [-0.53, -134.50]
8.329344e+08 [-0.94, 108.46] [-0.74, 109.46] [-0.54, 110.46]
8.647432e+08 [-0.96, -11.05] [-0.76, -10.05] [-0.56, -9.05]
8.977667e+08 [-0.98, -135.10] [-0.78, -134.10] [-0.58, -133.10]
9.320514e+08 [-0.99, 96.19] [-0.79, 97.19] [-0.59, 98.19]
9.676454e+08 [-1.00, -37.51] [-0.80, -36.51] [-0.60, -35.51]
1.004599e+09 [-1.02, -176.24] [-0.82, -175.24] [-0.62, -174.24]
1.042963e+09 [-1.03, 39.69] [-0.83, 40.69] [-0.63, 41.69]
1.082793e+09 [-1.05, -109.89] [-0.85, -108.89] [-0.65, -107.89]
1.124143e+09 [-1.06, 94.83] [-0.86, 95.83] [-0.66, 96.83]
1.167073e+09 [-1.08, -66.38] [-0.88, -65.38] [-0.68, -64.38]
1.211642e+09 [-1.10, 126.25] [-0.90, 127.25] [-0.70, 128.25]
1.257913e+09 [-1.11, -47.51] [-0.91, -46.51] [-0.71, -45.51]
1.305952e+09 [-1.13, 132.13] [-0.93, 133.13] [-0.73, 134.13]
1.355825e+09 [-1.15, -55.16] [-0.95, -54.16] [-0.75, -53.16]
1.407602e+09 [-1.16, 110.41] [-0.96, 111.41] [-0.76, 112.41]
1.461357e+09 [-1.19, -91.41] [-0.99, -90.41] [-0.79, -89.41]
1.517164e+09 [-1.20, 59.00] [-1.00, 60.00] [-0.80, 61.00]
1.575103e+09 [-1.22, -158.61] [-1.02, -157.61] [-0.82, -156.61]
1.635254e+09 [-1.24, -24.42] [-1.04, -23.42] [-0.84, -22.42]
1.697703e+09 [-1.26, 101.11] [-1.06, 102.11] [-0.86, 103.11]
1.762536e+09 [-1.29, -142.30] [-1.09, -141.30] [-0.89, -140.30]
1.829845e+09 [-1.32, -35.03] [-1.12, -34.03] [-0.92, -33.03]
1.899725e+09 [-1.33, 62.68] [-1.13, 63.68] [-0.93, 64.68]
1.972273e+09 [-1.36, 150.15] [-1.16, 151.15] [-0.96, 152.15]
2.047592e+09 [-1.37, -132.58] [-1.17, -131.58] [-0.97, -130.58]
2.125787e+09 [-1.41, -66.16] [-1.21, -65.16] [-1.01, -64.16]
2.206969e+09 [-1.43, -11.09] [-1.23, -10.09] [-1.03, -9.09]
2.291250e+09 [-1.44, 32.60] [-1.24, 33.60] [-1.04, 34.60]
2.378751e+09 [-1.47, 64.11] [-1.27, 65.11] [-1.07, 66.11]
2.469592e+09 [-1.49, 83.05] [-1.29, 84.05] [-1.09, 85.05]
2.563903e+09 [-1.52, 88.98] [-1.32, 89.98] [-1.12, 90.98]
2.661816e+09 [-1.56, 81.35] [-1.36, 82.35] [-1.16, 83.35]
2.763468e+09 [-1.57, 59.70] [-1.37, 60.70] [-1.17, 61.70]
2.869001e+09 [-1.60, 23.41] [-1.40, 24.41] [-1.20, 25.41]
2.978565e+09 [-1.62, -27.90] [-1.42, -26.90] [-1.22, -25.90]
3.092313e+09 [-1.65, -95.11] [-1.45, -94.11] [-1.25, -93.11]
3.210405e+09 [-1.70, -178.29] [-1.50, -177.29] [-1.30, -176.29]
3.333007e+09 [-1.73, 81.21] [-1.53, 82.21] [-1.33, 83.21]
3.460290e+09 [-1.76, -36.52] [-1.56, -35.52] [-1.36, -34.52]
3.592435e+09 [-1.80, -172.56] [-1.60, -171.56] [-1.40, -170.56]
3.729626e+09 [-1.83, 32.35] [-1.63, 33.35] [-1.43, 34.35]
3.872056e+09 [-1.87, -142.49] [-1.67, -141.49] [-1.47, -140.49]
4.019925e+09 [-1.92, 22.19] [-1.72, 23.19] [-1.52, 24.19]
4.173442e+09 [-1.98, 165.82] [-1.78, 166.82] [-1.58, 167.82]
4.332821e+09 [-2.05, -72.51] [-1.85, -71.51] [-1.65, -70.51]
4.498286e+09 [-2.13, 26.36] [-1.93, 27.36] [-1.73, 28.36]
4.670071e+09 [-2.18, 101.57] [-1.98, 102.57] [-1.78, 103.57]
4.848415e+09 [-2.27, 151.78] [-2.07, 152.78] [-1.87, 153.78]
5.033571e+09 [-2.48, 177.30] [-2.28, 178.30] [-2.08, 179.30]
5.225797e+09 [-2.55, 176.53] [-2.35, 177.53] [-2.15, 178.53]
5.425364e+09 [-2.56, 148.67] [-2.36, 149.67] [-2.16, 150.67]
5.632553e+09 [-2.48, 91.61] [-2.28, 92.61] [-2.08, 93.61]
5.847653e+09 [-2.43, 4.02] [-2.23, 5.02] [-2.03, 6.02]
6.070969e+09 [-2.41, -114.22] [-2.21, -113.22] [-2.01, -112.22]
6.302812e+09 [-2.43, 95.06] [-2.23, 96.06] [-2.03, 97.06]
6.543509e+09 [-2.43, -88.66] [-2.23, -87.66] [-2.03, -86.66]
6.793398e+09 [-2.45, 53.09] [-2.25, 54.09] [-2.05, 55.09]
7.052830e+09 [-2.48, 159.26] [-2.28, 160.26] [-2.08, 161.26]
7.322170e+09 [-2.51, -131.61] [-2.31, -130.61] [-2.11, -129.61]
7.601795e+09 [-2.60, -101.30] [-2.40, -100.30] [-2.20, -99.30]
7.892099e+09 [-2.60, -111.10] [-2.40, -110.10] [-2.20, -109.10]
8.193489e+09 [-2.67, -162.76] [-2.47, -161.76] [-2.27, -160.76]
8.506389e+09 [-2.73, 102.54] [-2.53, 103.54] [-2.33, 104.54]
8.831239e+09 [-2.78, -36.73] [-2.58, -35.73] [-2.38, -34.73]
9.168493e+09 [-2.84, 137.05] [-2.64, 138.05] [-2.44, 139.05]
9.518628e+09 [-2.93, -97.25] [-2.73, -96.25] [-2.53, -95.25]
9.882133e+09 [-3.03, -21.65] [-2.83, -20.65] [-2.63, -19.65]
1.025952e+10 [-2.98, 1.84] [-2.78, 2.84] [-2.58, 3.84]
1.065132e+10 [-3.06, -28.96] [-2.86, -27.96] [-2.66, -26.96]
1.105808e+10 [-3.16, -116.17] [-2.96, -115.17] [-2.76, -114.17]
1.148038e+10 [-3.24, 98.81] [-3.04, 99.81] [-2.84, 100.81]
1.191880e+10 [-3.34, -106.64] [-3.14, -105.64] [-2.94, -104.64]
1.237396e+10 [-3.39, -14.92] [-3.19, -13.92] [-2.99, -12.92]
1.284651e+10 [-3.42, 11.03] [-3.22, 12.03] [-3.02, 13.03]
1.333711e+10 [-3.43, -30.99] [-3.23, -29.99] [-3.03, -28.99]
1.384643e+10 [-3.46, -143.24] [-3.26, -142.24] [-3.06, -141.24]
1.437521e+10 [-3.52, 31.51] [-3.32, 32.51] [-3.12, 33.51]
1.492419e+10 [-3.62, 130.28] [-3.42, 131.28] [-3.22, 132.28]
1.549412e+10 [-3.70, 150.45] [-3.50, 151.45] [-3.30, 152.45]
1.608583e+10 [-3.84, 88.32] [-3.64, 89.32] [-3.44, 90.32]
1.670013e+10 [-3.97, -58.01] [-3.77, -57.01] [-3.57, -56.01]
1.733789e+10 [-3.99, 66.39] [-3.79, 67.39] [-3.59, 68.39]
1.800000e+10 [-4.26, 102.53] [-4.06, 103.53] [-3.86, 104.53]
