FUNIT: Hz
UNIT: dB
1.000000e+07 [-0.31, -53.33] [-0.11, -52.33] [0.09, -51.33]
1.038189e+07 [-0.30, -55.33] [-0.10, -54.33] [0.10, -53.33]
1.077836e+07 [-0.32, -55.96] [-0.12, -54.96] [0.08, -53.96]
1.118997e+07 [-0.56, -59.42] [-0.36, -58.42] [-0.16, -57.42]
1.161731e+07 [-0.36, -60.33] [-0.16, -59.33] [0.04, -58.33]
1.206096e+07 [-0.34, -63.24] [-0.14, -62.24] [0.06, -61.24]
1.252155e+07 [-0.29, -66.07] [-0.09, -65.07] [0.11, -64.07]
1.299974e+07 [-0.34, -67.75] [-0.14, -66.75] [0.06, -65.75]
1.349618e+07 [-0.29, -70.55] [-0.09, -69.55] [0.11, -68.55]
1.401158e+07 [-0.26, -73.37] [-0.06, -72.37] [0.14, -71.37]
1.454667e+07 [-0.43, -76.20] [-0.23, -75.20] [-0.03, -74.20]
1.510219e+07 [-0.48, -78.39] [-0.28, -77.39] [-0.08, -76.39]
1.567893e+07 [-0.35, -82.06] [-0.15, -81.06] [0.05, -80.06]
1.627769e+07 [-0.37, -84.72] [-0.17, -83.72] [0.03, -82.72]
1.689931e+07 [-0.27, -87.87] [-0.07, -86.87] [0.13, -85.87]
1.754468e+07 [-0.32, -91.36] [-0.12, -90.36] [0.08, -89.36]
1.821469e+07 [-0.42, -94.61] [-0.22, -93.61] [-0.02, -92.61]
1.891029e+07 [-0.36, -98.36] [-0.16, -97.36] [0.04, -96.36]
1.963245e+07 [-0.40, -102.60] [-0.20, -101.60] [-0.00, -100.60]
2.038219e+07 [-0.38, -106.10] [-0.18, -105.10] [0.02, -104.10]
2.116056e+07 [-0.37, -109.59] [-0.17, -108.59] [0.03, -107.59]
2.196866e+07 [-0.39, -114.28] [-0.19, -113.28] [0.01, -112.28]
2.280762e+07 [-0.36, -118.23] [-0.16, -117.23] [0.04, -116.23]
2.367862e+07 [-0.37, -123.17] [-0.17, -122.17] [0.03, -121.17]
2.458288e+07 [-0.35, -127.59] [-0.15, -126.59] [0.05, -125.59]
2.552167e+07 [-0.36, -132.28] [-0.16, -131.28] [0.04, -130.28]
2.649631e+07 [-0.37, -137.49] [-0.17, -136.49] [0.03, -135.49]
2.750818e+07 [-0.36, -142.46] [-0.16, -141.46] [0.04, -140.46]
2.855868e+07 [-0.38, -147.98] [-0.18, -146.98] [0.02, -145.98]
2.964930e+07 [-0.34, -153.84] [-0.14, -152.84] [0.06, -151.84]
3.078158e+07 [-0.40, -159.16] [-0.20, -158.16] [-0.00, -157.16]
3.195709e+07 [-0.38, -165.55] [-0.18, -164.55] [0.02, -163.55]
3.317750e+07 [-0.40, -171.74] [-0.20, -170.74] [0.00, -169.74]
3.444451e+07 [-0.43, -178.38] [-0.23, -177.38] [-0.03, -176.38]
3.575990e+07 [-0.41, 175.17] [-0.21, 176.17] [-0.01, 177.17]
3.712553e+07 [-0.41, 168.01] [-0.21, 169.01] [-0.01, 170.01]
3.854331e+07 [-0.44, 160.83] [-0.24, 161.83] [-0.04, 162.83]
4.001524e+07 [-0.46, 153.18] [-0.26, 154.18] [-0.06, 155.18]
4.154338e+07 [-0.43, 145.62] [-0.23, 146.62] [-0.03, 147.62]
4.312987e+07 [-0.42, 137.30] [-0.22, 138.30] [-0.02, 139.30]
4.477695e+07 [-0.42, 129.02] [-0.22, 130.02] [-0.02, 131.02]
4.648693e+07 [-0.43, 119.90] [-0.23, 120.90] [-0.03, 121.90]
4.826221e+07 [-0.41, 110.80] [-0.21, 111.80] [-0.01, 112.80]
5.010529e+07 [-0.44, 101.41] [-0.24, 102.41] [-0.04, 103.41]
5.201875e+07 [-0.47, 91.56] [-0.27, 92.56] [-0.07, 93.56]
5.400529e+07 [-0.45, 81.50] [-0.25, 82.50] [-0.05, 83.50]
5.606769e+07 [-0.46, 70.93] [-0.26, 71.93] [-0.06, 72.93]
5.820885e+07 [-0.48, 59.95] [-0.28, 60.95] [-0.08, 61.95]
6.043178e+07 [-0.41, 48.41] [-0.21, 49.41] [-0.01, 50.41]
6.273960e+07 [-0.47, 36.54] [-0.27, 37.54] [-0.07, 38.54]
6.513556e+07 [-0.50, 24.35] [-0.30, 25.35] [-0.10, 26.35]
6.762301e+07 [-0.49, 11.62] [-0.29, 12.62] [-0.09, 13.62]
7.020545e+07 [-0.50, -1.42] [-0.30, -0.42] [-0.10, 0.58]
7.288652e+07 [-0.49, -15.34] [-0.29, -14.34] [-0.09, -13.34]
7.566997e+07 [-0.47, -29.48] [-0.27, -28.48] [-0.07, -27.48]
7.855972e+07 [-0.53, -44.36] [-0.33, -43.36] [-0.13, -42.36]
8.155983e+07 [-0.51, -59.74] [-0.31, -58.74] [-0.11, -57.74]
8.467450e+07 [-0.52, -75.79] [-0.32, -74.79] [-0.12, -73.79]
8.790813e+07 [-0.51, -92.28] [-0.31, -91.28] [-0.11, -90.28]
9.126524e+07 [-0.52, -109.45] [-0.32, -108.45] [-0.12, -107.45]
9.475055e+07 [-0.52, -127.30] [-0.32, -126.30] [-0.12, -125.30]
9.836897e+07 [-0.53, -145.83] [-0.33, -144.83] [-0.13, -143.83]
1.021256e+08 [-0.54, -164.95] [-0.34, -163.95] [-0.14, -162.95]
1.060256e+08 [-0.54, 174.90] [-0.34, 175.90] [-0.14, 176.90]
1.100746e+08 [-0.55, 154.15] [-0.35, 155.15] [-0.15, 156.15]
1.142782e+08 [-0.56, 132.61] [-0.36, 133.61] [-0.16, 134.61]
1.186424e+08 [-0.57, 110.41] [-0.37, 111.41] [-0.17, 112.41]
1.231732e+08 [-0.58, 87.16] [-0.38, 88.16] [-0.18, 89.16]
1.278771e+08 [-0.57, 63.02] [-0.37, 64.02] [-0.17, 65.02]
1.327605e+08 [-0.58, 37.97] [-0.38, 38.97] [-0.18, 39.97]
1.378305e+08 [-0.60, 12.07] [-0.40, 13.07] [-0.20, 14.07]
1.430941e+08 [-0.59, -14.91] [-0.39, -13.91] [-0.19, -12.91]
1.485587e+08 [-0.61, -42.82] [-0.41, -41.82] [-0.21, -40.82]
1.542320e+08 [-0.61, -71.88] [-0.41, -70.88] [-0.21, -69.88]
1.601219e+08 [-0.63, -102.10] [-0.43, -101.10] [-0.23, -100.10]
1.662368e+08 [-0.63, -133.37] [-0.43, -132.37] [-0.23, -131.37]
1.725852e+08 [-0.64, -165.89] [-0.44, -164.89] [-0.24, -163.89]
1.791760e+08 [-0.65, 160.45] [-0.45, 161.45] [-0.25, 162.45]
1.860186e+08 [-0.66, 125.39] [-0.46, 126.39] [-0.26, 127.39]
1.931224e+08 [-0.67, 88.98] [-0.47, 89.98] [-0.27, 90.98]
2.004975e+08 [-0.68, 51.28] [-0.48, 52.28] [-0.28, 53.28]
2.081543e+08 [-0.68, 12.07] [-0.48, 13.07] [-0.28, 14.07]
2.161035e+08 [-0.70, -28.57] [-0.50, -27.57] [-0.30, -26.57]
2.243562e+08 [-0.70, -70.84] [-0.50, -69.84] [-0.30, -68.84]
2.329241e+08 [-0.71, -114.69] [-0.51, -113.69] [-0.31, -112.69]
2.418192e+08 [-0.73, -160.26] [-0.53, -159.26] [-0.33, -158.26]
2.510540e+08 [-0.73, 152.52] [-0.53, 153.52] [-0.33, 154.52]
2.606415e+08 [-0.75, 103.47] [-0.55, 104.47] [-0.35, 105.47]
2.705951e+08 [-0.76, 52.50] [-0.56, 53.50] [-0.36, 54.50]
2.809288e+08 [-0.76, -0.36] [-0.56, 0.64] [-0.36, 1.64]
2.916571e+08 [-0.78, -55.24] [-0.58, -54.24] [-0.38, -53.24]
3.027952e+08 [-0.78, -112.26] [-0.58, -111.26] [-0.38, -110.26]
3.143586e+08 [-0.80, -171.40] [-0.60, -170.40] [-0.40, -169.40]
3.263636e+08 [-0.82, 127.14] [-0.62, 128.14] [-0.42, 129.14]
3.388271e+08 [-0.83, 63.43] [-0.63, 64.43] [-0.43, 65.43]
3.517665e+08 [-0.83, -2.79] [-0.63, -1.79] [-0.43, -0.79]
3.652000e+08 [-0.85, -71.53] [-0.65, -70.53] [-0.45, -69.53]
3.791466e+08 [-0.86, -142.85] [-0.66, -141.85] [-0.46, -140.85]
3.936258e+08 [-0.87, 143.05] [-0.67, 144.05] [-0.47, 145.05]
4.086579e+08 [-0.89, 66.14] [-0.69, 67.14] [-0.49, 68.14]
4.242641e+08 [-0.90, -13.70] [-0.70, -12.70] [-0.50, -11.70]
4.404662e+08 [-0.91, -96.54] [-0.71, -95.54] [-0.51, -94.54]
4.572871e+08 [-0.92, 177.41] [-0.72, 178.41] [-0.52, 179.41]
4.747504e+08 [-0.94, 88.04] [-0.74, 89.04] [-0.54, 90.04]
4.928806e+08 [-0.96, -4.66] [-0.76, -3.66] [-0.56, -2.66]
5.117031e+08 [-0.97, -100.95] [-0.77, -99.95] [-0.57, -98.95]
5.312445e+08 [-0.98, 159.08] [-0.78, 160.08] [-0.58, 161.08]
5.515321e+08 [-1.00, 55.33] [-0.80, 56.33] [-0.60, 57.33]
5.725945e+08 [-1.02, -52.40] [-0.82, -51.40] [-0.62, -50.40]
5.944612e+08 [-1.03, -164.25] [-0.83, -163.25] [-0.63, -162.25]
6.171630e+08 [-1.05, 79.62] [-0.85, 80.62] [-0.65, 81.62]
6.407317e+08 [-1.07, -40.91] [-0.87, -39.91] [-0.67, -38.91]
6.652006e+08 [-1.09, -166.06] [-0.89, -165.06] [-0.69, -164.06]
6.906038e+08 [-1.10, 64.00] [-0.90, 65.00] [-0.70, 66.00]
7.169772e+08 [-1.12, -70.86] [-0.92, -69.86] [-0.72, -68.86]
7.443577e+08 [-1.14, 149.11] [-0.94, 150.11] [-0.74, 151.11]
7.727839e+08 [-1.16, 3.74] [-0.96, 4.74] [-0.76, 5.74]
8.022956e+08 [-1.17, -147.16] [-0.97, -146.16] [-0.77, -145.16]
8.329344e+08 [-1.19, 56.18] [-0.99, 57.18] [-0.79, 58.18]
8.647432e+08 [-1.21, -106.53] [-1.01, -105.53] [-0.81, -104.53]
8.977667e+08 [-1.23, 84.57] [-1.03, 85.57] [-0.83, 86.57]
9.320514e+08 [-1.26, -90.74] [-1.06, -89.74] [-0.86, -88.74]
9.676454e+08 [-1.27, 87.23] [-1.07, 88.23] [-0.87, 89.23]
1.004599e+09 [-1.30, -101.73] [-1.10, -100.73] [-0.90, -99.73]
1.042963e+09 [-1.32, 62.13] [-1.12, 63.13] [-0.92, 64.13]
1.082793e+09 [-1.34, -141.57] [-1.14, -140.57] [-0.94, -139.57]
1.124143e+09 [-1.36, 7.00] [-1.16, 8.00] [-0.96, 9.00]
1.167073e+09 [-1.38, 147.48] [-1.18, 148.48] [-0.98, 149.48]
1.211642e+09 [-1.41, -80.45] [-1.21, -79.45] [-1.01, -78.45]
1.257913e+09 [-1.43, 42.97] [-1.23, 43.97] [-1.03, 44.97]
1.305952e+09 [-1.45, 157.33] [-1.25, 158.33] [-1.05, 159.33]
1.355825e+09 [-1.48, -97.72] [-1.28, -96.72] [-1.08, -95.72]
1.407602e+09 [-1.50, -2.39] [-1.30, -1.39] [-1.10, -0.39]
1.461357e+09 [-1.53, 82.70] [-1.33, 83.70] [-1.13, 84.70]
1.517164e+09 [-1.56, 157.35] [-1.36, 158.35] [-1.16, 159.35]
1.575103e+09 [-1.58, -138.95] [-1.38, -137.95] [-1.18, -136.95]
1.635254e+09 [-1.62, -86.50] [-1.42, -85.50] [-1.22, -84.50]
1.697703e+09 [-1.64, -45.76] [-1.44, -44.76] [-1.24, -43.76]
1.762536e+09 [-1.70, -17.18] [-1.50, -16.18] [-1.30, -15.18]
1.829845e+09 [-1.71, -1.35] [-1.51, -0.35] [-1.31, 0.65]
1.899725e+09 [-1.75, 1.47] [-1.55, 2.47] [-1.35, 3.47]
1.972273e+09 [-1.78, -9.62] [-1.58, -8.62] [-1.38, -7.62]
2.047592e+09 [-1.81, -34.56] [-1.61, -33.56] [-1.41, -32.56]
2.125787e+09 [-1.84, -74.39] [-1.64, -73.39] [-1.44, -72.39]
2.206969e+09 [-1.87, -129.49] [-1.67, -128.49] [-1.47, -127.49]
2.291250e+09 [-1.93, 159.69] [-1.73, 160.69] [-1.53, 161.69]
2.378751e+09 [-1.97, 72.36] [-1.77, 73.36] [-1.57, 74.36]
2.469592e+09 [-1.99, -32.01] [-1.79, -31.01] [-1.59, -30.01]
2.563903e+09 [-2.00, -154.16] [-1.80, -153.16] [-1.60, -152.16]
2.661816e+09 [-2.06, 65.21] [-1.86, 66.21] [-1.66, 67.21]
2.763468e+09 [-2.12, -94.57] [-1.92, -93.57] [-1.72, -92.57]
2.869001e+09 [-2.19, 85.81] [-1.99, 86.81] [-1.79, 87.81]
2.978565e+09 [-2.20, -114.07] [-2.00, -113.07] [-1.80, -112.07]
3.092313e+09 [-2.20, 24.29] [-2.00, 25.29] [-1.80, 26.29]
3.210405e+09 [-2.25, 140.53] [-2.05, 141.53] [-1.85, 142.53]
3.333007e+09 [-2.30, -126.35] [-2.10, -125.35] [-1.90, -124.35]
3.460290e+09 [-2.34, -57.12] [-2.14, -56.12] [-1.94, -55.12]
3.592435e+09 [-2.41, -12.52] [-2.21, -11.52] [-2.01, -10.52]
3.729626e+09 [-2.43, 5.95] [-2.23, 6.95] [-2.03, 7.95]
3.872056e+09 [-2.52, -2.55] [-2.32, -1.55] [-2.12, -0.55]
4.019925e+09 [-2.58, -38.84] [-2.38, -37.84] [-2.18, -36.84]
4.173442e+09 [-2.74, -104.43] [-2.54, -103.43] [-2.34, -102.43]
4.332821e+09 [-2.91, 161.73] [-2.71, 162.73] [-2.51, 163.73]
4.498286e+09 [-3.09, 34.03] [-2.89, 35.03] [-2.69, 36.03]
4.670071e+09 [-3.46, -118.27] [-3.26, -117.27] [-3.06, -116.27]
4.848415e+09 [-2.93, 48.63] [-2.73, 49.63] [-2.53, 50.63]
5.033571e+09 [-2.99, -178.79] [-2.79, -177.79] [-2.59, -176.79]
5.225797e+09 [-3.14, -82.19] [-2.94, -81.19] [-2.74, -80.19]
5.425364e+09 [-3.32, -22.35] [-3.12, -21.35] [-2.92, -20.35]
5.632553e+09 [-3.63, -0.86] [-3.43, 0.14] [-3.23, 1.14]
5.847653e+09 [-3.64, -18.78] [-3.44, -17.78] [-3.24, -16.78]
6.070969e+09 [-3.56, -79.74] [-3.36, -78.74] [-3.16, -77.74]
6.302812e+09 [-3.54, 174.67] [-3.34, 175.67] [-3.14, 176.67]
6.543509e+09 [-3.50, 23.86] [-3.30, 24.86] [-3.10, 25.86]
6.793398e+09 [-3.71, -174.40] [-3.51, -173.40] [-3.31, -172.40]
7.052830e+09 [-3.86, -61.13] [-3.66, -60.13] [-3.46, -59.13]
7.322170e+09 [-4.03, 4.34] [-3.83, 5.34] [-3.63, 6.34]
7.601795e+09 [-4.06, 15.30] [-3.86, 16.30] [-3.66, 17.30]
7.892099e+09 [-3.89, -29.51] [-3.69, -28.51] [-3.49, -27.51]
8.193489e+09 [-3.97, -130.53] [-3.77, -129.53] [-3.57, -128.53]
8.506389e+09 [-3.89, 69.39] [-3.69, 70.39] [-3.49, 71.39]
8.831239e+09 [-4.10, -150.29] [-3.90, -149.29] [-3.70, -148.29]
9.168493e+09 [-3.96, -76.69] [-3.76, -75.69] [-3.56, -74.69]
9.518628e+09 [-4.18, -67.01] [-3.98, -66.01] [-3.78, -65.01]
9.882133e+09 [-4.64, -127.27] [-4.44, -126.27] [-4.24, -125.27]
1.025952e+10 [-4.55, 103.39] [-4.35, 104.39] [-4.15, 105.39]
1.065132e+10 [-4.56, -99.85] [-4.36, -98.85] [-4.16, -97.85]
1.105808e+10 [-4.99, -20.25] [-4.79, -19.25] [-4.59, -18.25]
1.148038e+10 [-5.06, -18.18] [-4.86, -17.18] [-4.66, -16.18]
1.191880e+10 [-5.03, -100.93] [-4.83, -99.93] [-4.63, -98.93]
1.237396e+10 [-5.08, 88.17] [-4.88, 89.17] [-4.68, 90.17]
1.284651e+10 [-5.81, -168.29] [-5.61, -167.29] [-5.41, -166.29]
1.333711e+10 [-5.90, -155.88] [-5.70, -154.88] [-5.50, -153.88]
1.384643e+10 [-5.22, 116.36] [-5.02, 117.36] [-4.82, 118.36]
1.437521e+10 [-5.61, -68.45] [-5.41, -67.45] [-5.21, -66.45]
1.492419e+10 [-5.39, -0.06] [-5.19, 0.94] [-4.99, 1.94]
1.549412e+10 [-5.74, -39.23] [-5.54, -38.23] [-5.34, -37.23]
1.608583e+10 [-6.01, 174.57] [-5.81, 175.57] [-5.61, 176.57]
1.670013e+10 [-6.14, -98.43] [-5.94, -97.43] [-5.74, -96.43]
1.733789e+10 [-7.38, -124.28] [-7.18, -123.28] [-6.98, -122.28]
1.800000e+10 [-8.56, 87.38] [-8.36, 88.38] [-8.16, 89.38]
