FUNIT: Hz
UNIT: dB
1.000000e+07 [-67.58, 91.51] [-67.38, 92.51] [-67.18, 93.51]
1.038189e+07 [-67.51, 58.11] [-67.31, 59.11] [-67.11, 60.11]
1.077836e+07 [-75.49, 114.82] [-75.29, 115.82] [-75.09, 116.82]
1.118997e+07 [-67.20, 43.20] [-67.00, 44.20] [-66.80, 45.20]
1.161731e+07 [-64.67, 65.12] [-64.47, 66.12] [-64.27, 67.12]
1.206096e+07 [-64.79, 36.11] [-64.59, 37.11] [-64.39, 38.11]
1.252155e+07 [-67.57, 66.44] [-67.37, 67.44] [-67.17, 68.44]
1.299974e+07 [-65.09, 53.36] [-64.89, 54.36] [-64.69, 55.36]
1.349618e+07 [-61.92, 35.93] [-61.72, 36.93] [-61.52, 37.93]
1.401158e+07 [-60.97, 35.47] [-60.77, 36.47] [-60.57, 37.47]
1.454667e+07 [-62.73, 23.12] [-62.53, 24.12] [-62.33, 25.12]
1.510219e+07 [-60.93, 23.76] [-60.73, 24.76] [-60.53, 25.76]
1.567893e+07 [-61.05, 11.28] [-60.85, 12.28] [-60.65, 13.28]
1.627769e+07 [-62.44, 13.69] [-62.24, 14.69] [-62.04, 15.69]
1.689931e+07 [-60.40, 6.56] [-60.20, 7.56] [-60.00, 8.56]
1.754468e+07 [-59.00, 5.13] [-58.80, 6.13] [-58.60, 7.13]
1.821469e+07 [-58.90, -1.67] [-58.70, -0.67] [-58.50, 0.33]
1.891029e+07 [-58.07, -8.70] [-57.87, -7.70] [-57.67, -6.70]
1.963245e+07 [-58.17, -16.40] [-57.97, -15.40] [-57.77, -14.40]
2.038219e+07 [-57.56, -26.31] [-57.36, -25.31] [-57.16, -24.31]
2.116056e+07 [-57.35, -30.01] [-57.15, -29.01] [-56.95, -28.01]
2.196866e+07 [-56.28, -37.61] [-56.08, -36.61] [-55.88, -35.61]
2.280762e+07 [-55.35, -48.69] [-55.15, -47.69] [-54.95, -46.69]
2.367862e+07 [-55.12, -56.11] [-54.92, -55.11] [-54.72, -54.11]
2.458288e+07 [-54.91, -62.09] [-54.71, -61.09] [-54.51, -60.09]
2.552167e+07 [-54.39, -69.74] [-54.19, -68.74] [-53.99, -67.74]
2.649631e+07 [-53.86, -81.59] [-53.66, -80.59] [-53.46, -79.59]
2.750818e+07 [-53.28, -90.52] [-53.08, -89.52] [-52.88, -88.52]
2.855868e+07 [-53.00, -98.43] [-52.80, -97.43] [-52.60, -96.43]
2.964930e+07 [-52.49, -108.65] [-52.29, -107.65] [-52.09, -106.65]
3.078158e+07 [-51.79, -117.44] [-51.59, -116.44] [-51.39, -115.44]
3.195709e+07 [-51.48, -129.26] [-51.28, -128.26] [-51.08, -127.26]
3.317750e+07 [-51.01, -138.77] [-50.81, -137.77] [-50.61, -136.77]
3.444451e+07 [-50.80, -150.19] [-50.60, -149.19] [-50.40, -148.19]
3.575990e+07 [-50.38, -161.85] [-50.18, -160.85] [-49.98, -159.85]
3.712553e+07 [-49.77, -172.25] [-49.57, -171.25] [-49.37, -170.25]
3.854331e+07 [-49.28, 174.67] [-49.08, 175.67] [-48.88, 176.67]
4.001524e+07 [-48.92, 162.43] [-48.72, 163.43] [-48.52, 164.43]
4.154338e+07 [-48.45, 150.51] [-48.25, 151.51] [-48.05, 152.51]
4.312987e+07 [-47.85, 136.75] [-47.65, 137.75] [-47.45, 138.75]
4.477695e+07 [-47.28, 124.06] [-47.08, 125.06] [-46.88, 126.06]
4.648693e+07 [-46.91, 108.49] [-46.71, 109.49] [-46.51, 110.49]
4.826221e+07 [-46.29, 92.99] [-46.09, 93.99] [-45.89, 94.99]
5.010529e+07 [-45.92, 77.24] [-45.72, 78.24] [-45.52, 79.24]
5.201875e+07 [-45.40, 60.59] [-45.20, 61.59] [-45.00, 62.59]
5.400529e+07 [-44.90, 44.45] [-44.70, 45.45] [-44.50, 46.45]
5.606769e+07 [-44.41, 26.20] [-44.21, 27.20] [-44.01, 28.20]
5.820885e+07 [-43.93, 7.92] [-43.73, 8.92] [-43.53, 9.92]
6.043178e+07 [-43.33, -11.60] [-43.13, -10.60] [-42.93, -9.60]
6.273960e+07 [-42.83, -31.65] [-42.63, -30.65] [-42.43, -29.65]
6.513556e+07 [-42.36, -52.84] [-42.16, -51.84] [-41.96, -50.84]
6.762301e+07 [-41.83, -75.41] [-41.63, -74.41] [-41.43, -73.41]
7.020545e+07 [-41.38, -98.78] [-41.18, -97.78] [-40.98, -96.78]
7.288652e+07 [-41.04, -123.64] [-40.84, -122.64] [-40.64, -121.64]
7.566997e+07 [-40.73, -149.02] [-40.53, -148.02] [-40.33, -147.02]
7.855972e+07 [-40.66, -175.23] [-40.46, -174.23] [-40.26, -173.23]
8.155983e+07 [-40.58, 157.86] [-40.38, 158.86] [-40.18, 159.86]
8.467450e+07 [-40.55, 130.68] [-40.35, 131.68] [-40.15, 132.68]
8.790813e+07 [-40.54, 102.95] [-40.34, 103.95] [-40.14, 104.95]
9.126524e+07 [-40.53, 74.58] [-40.33, 75.58] [-40.13, 76.58]
9.475055e+07 [-40.59, 45.34] [-40.39, 46.34] [-40.19, 47.34]
9.836897e+07 [-40.67, 15.25] [-40.47, 16.25] [-40.27, 17.25]
1.021256e+08 [-40.78, -14.98] [-40.58, -13.98] [-40.38, -12.98]
1.060256e+08 [-40.82, -46.24] [-40.62, -45.24] [-40.42, -44.24]
1.100746e+08 [-40.80, -78.11] [-40.60, -77.11] [-40.40, -76.11]
1.142782e+08 [-40.66, -111.66] [-40.46, -110.66] [-40.26, -109.66]
1.186424e+08 [-40.50, -147.25] [-40.30, -146.25] [-40.10, -145.25]
1.231732e+08 [-40.55, 175.32] [-40.35, 176.32] [-40.15, 177.32]
1.278771e+08 [-40.77, 137.28] [-40.57, 138.28] [-40.37, 139.28]
1.327605e+08 [-40.96, 99.47] [-40.76, 100.47] [-40.56, 101.47]
1.378305e+08 [-40.97, 60.70] [-40.77, 61.70] [-40.57, 62.70]
1.430941e+08 [-40.88, 19.52] [-40.68, 20.52] [-40.48, 21.52]
1.485587e+08 [-40.87, -23.20] [-40.67, -22.20] [-40.47, -21.20]
1.542320e+08 [-40.89, -67.38] [-40.69, -66.38] [-40.49, -65.38]
1.601219e+08 [-40.83, -113.40] [-40.63, -112.40] [-40.43, -111.40]
1.662368e+08 [-40.82, -161.61] [-40.62, -160.61] [-40.42, -159.61]
1.725852e+08 [-40.94, 148.79] [-40.74, 149.79] [-40.54, 150.79]
1.791760e+08 [-40.99, 98.26] [-40.79, 99.26] [-40.59, 100.26]
1.860186e+08 [-40.95, 45.10] [-40.75, 46.10] [-40.55, 47.10]
1.931224e+08 [-41.08, -10.31] [-40.88, -9.31] [-40.68, -8.31]
2.004975e+08 [-41.24, -65.84] [-41.04, -64.84] [-40.84, -63.84]
2.081543e+08 [-41.05, -123.43] [-40.85, -122.43] [-40.65, -121.43]
2.161035e+08 [-40.79, 174.32] [-40.59, 175.32] [-40.39, 176.32]
2.243562e+08 [-40.89, 109.22] [-40.69, 110.22] [-40.49, 111.22]
2.329241e+08 [-41.02, 43.28] [-40.82, 44.28] [-40.62, 45.28]
2.418192e+08 [-41.17, -25.08] [-40.97, -24.08] [-40.77, -23.08]
2.510540e+08 [-41.24, -94.23] [-41.04, -93.23] [-40.84, -92.23]
2.606415e+08 [-40.98, -167.57] [-40.78, -166.57] [-40.58, -165.57]
2.705951e+08 [-40.96, 115.13] [-40.76, 116.13] [-40.56, 117.13]
2.809288e+08 [-40.96, 34.80] [-40.76, 35.80] [-40.56, 36.80]
2.916571e+08 [-41.40, -47.58] [-41.20, -46.58] [-41.00, -45.58]
3.027952e+08 [-41.34, -129.20] [-41.14, -128.20] [-40.94, -127.20]
3.143586e+08 [-40.84, 141.26] [-40.64, 142.26] [-40.44, 143.26]
3.263636e+08 [-40.97, 46.87] [-40.77, 47.87] [-40.57, 48.87]
3.388271e+08 [-41.41, -47.96] [-41.21, -46.96] [-41.01, -45.96]
3.517665e+08 [-41.17, -144.47] [-40.97, -143.47] [-40.77, -142.47]
3.652000e+08 [-41.22, 111.32] [-41.02, 112.32] [-40.82, 113.32]
3.791466e+08 [-40.99, 5.65] [-40.79, 6.65] [-40.59, 7.65]
3.936258e+08 [-41.42, -107.12] [-41.22, -106.12] [-41.02, -105.12]
4.086579e+08 [-41.41, 142.03] [-41.21, 143.03] [-41.01, 144.03]
4.242641e+08 [-40.65, 20.24] [-40.45, 21.24] [-40.25, 22.24]
4.404662e+08 [-41.80, -104.40] [-41.60, -103.40] [-41.40, -102.40]
4.572871e+08 [-41.18, 130.93] [-40.98, 131.93] [-40.78, 132.93]
4.747504e+08 [-41.10, -4.39] [-40.90, -3.39] [-40.70, -2.39]
4.928806e+08 [-41.20, -142.93] [-41.00, -141.93] [-40.80, -140.93]
5.117031e+08 [-41.71, 74.51] [-41.51, 75.51] [-41.31, 76.51]
5.312445e+08 [-40.91, -75.65] [-40.71, -74.65] [-40.51, -73.65]
5.515321e+08 [-41.66, 129.12] [-41.46, 130.12] [-41.26, 131.12]
5.725945e+08 [-41.12, -28.25] [-40.92, -27.25] [-40.72, -26.25]
5.944612e+08 [-41.12, 162.06] [-40.92, 163.06] [-40.72, 164.06]
6.171630e+08 [-41.62, -8.17] [-41.42, -7.17] [-41.22, -6.17]
6.407317e+08 [-41.23, 168.17] [-41.03, 169.17] [-40.83, 170.17]
6.652006e+08 [-41.30, -14.21] [-41.10, -13.21] [-40.90, -12.21]
6.906038e+08 [-41.10, 149.77] [-40.90, 150.77] [-40.70, 151.77]
7.169772e+08 [-41.82, -50.33] [-41.62, -49.33] [-41.42, -48.33]
7.443577e+08 [-41.19, 97.40] [-40.99, 98.40] [-40.79, 99.40]
7.727839e+08 [-41.44, -115.21] [-41.24, -114.21] [-41.04, -113.21]
8.022956e+08 [-41.48, 17.19] [-41.28, 18.19] [-41.08, 19.19]
8.329344e+08 [-41.35, 148.41] [-41.15, 149.41] [-40.95, 150.41]
8.647432e+08 [-41.87, -98.39] [-41.67, -97.39] [-41.47, -96.39]
8.977667e+08 [-41.39, 9.13] [-41.19, 10.13] [-40.99, 11.13]
9.320514e+08 [-41.51, 111.75] [-41.31, 112.75] [-41.11, 113.75]
9.676454e+08 [-42.02, -161.80] [-41.82, -160.80] [-41.62, -159.80]
1.004599e+09 [-41.58, -87.13] [-41.38, -86.13] [-41.18, -85.13]
1.042963e+09 [-41.16, -15.54] [-40.96, -14.54] [-40.76, -13.54]
1.082793e+09 [-41.72, 44.86] [-41.52, 45.86] [-41.32, 46.86]
1.124143e+09 [-41.07, 79.77] [-40.87, 80.77] [-40.67, 81.77]
1.167073e+09 [-41.25, 109.67] [-41.05, 110.67] [-40.85, 111.67]
1.211642e+09 [-41.54, 128.23] [-41.34, 129.23] [-41.14, 130.23]
1.257913e+09 [-40.93, 131.67] [-40.73, 132.67] [-40.53, 133.67]
1.305952e+09 [-40.91, 122.81] [-40.71, 123.81] [-40.51, 124.81]
1.355825e+09 [-44.61, 81.98] [-44.41, 82.98] [-44.21, 83.98]
1.407602e+09 [-43.11, 77.47] [-42.91, 78.47] [-42.71, 79.47]
1.461357e+09 [-43.98, 26.01] [-43.78, 27.01] [-43.58, 28.01]
1.517164e+09 [-43.64, -59.09] [-43.44, -58.09] [-43.24, -57.09]
1.575103e+09 [-42.76, -141.97] [-42.56, -140.97] [-42.36, -139.97]
1.635254e+09 [-47.66, 106.74] [-47.46, 107.74] [-47.26, 108.74]
1.697703e+09 [-51.86, 144.13] [-51.66, 145.13] [-51.46, 146.13]
1.762536e+09 [-42.16, -47.77] [-41.96, -46.77] [-41.76, -45.77]
1.829845e+09 [-39.24, 143.12] [-39.04, 144.12] [-38.84, 145.12]
1.899725e+09 [-39.68, -91.05] [-39.48, -90.05] [-39.28, -89.05]
1.972273e+09 [-48.18, 140.21] [-47.98, 141.21] [-47.78, 142.21]
2.047592e+09 [-38.24, -86.44] [-38.04, -85.44] [-37.84, -84.44]
2.125787e+09 [-39.01, 25.37] [-38.81, 26.37] [-38.61, 27.37]
2.206969e+09 [-35.96, 117.28] [-35.76, 118.28] [-35.56, 119.28]
2.291250e+09 [-37.51, -169.18] [-37.31, -168.18] [-37.11, -167.18]
2.378751e+09 [-35.14, -133.28] [-34.94, -132.28] [-34.74, -131.28]
2.469592e+09 [-33.95, -104.37] [-33.75, -103.37] [-33.55, -102.37]
2.563903e+09 [-33.63, -115.08] [-33.43, -114.08] [-33.23, -113.08]
2.661816e+09 [-32.61, -149.47] [-32.41, -148.47] [-32.21, -147.47]
2.763468e+09 [-30.66, 141.53] [-30.46, 142.53] [-30.26, 143.53]
2.869001e+09 [-29.87, 40.51] [-29.67, 41.51] [-29.47, 42.51]
2.978565e+09 [-27.65, -78.61] [-27.45, -77.61] [-27.25, -76.61]
3.092313e+09 [-26.39, 97.02] [-26.19, 98.02] [-25.99, 99.02]
3.210405e+09 [-26.48, -127.87] [-26.28, -126.87] [-26.08, -125.87]
3.333007e+09 [-30.74, 11.81] [-30.54, 12.81] [-30.34, 13.81]
3.460290e+09 [-31.46, 99.87] [-31.26, 100.87] [-31.06, 101.87]
3.592435e+09 [-33.57, 150.53] [-33.37, 151.53] [-33.17, 152.53]
3.729626e+09 [-39.79, -179.41] [-39.59, -178.41] [-39.39, -177.41]
3.872056e+09 [-37.37, 153.99] [-37.17, 154.99] [-36.97, 155.99]
4.019925e+09 [-39.22, 107.99] [-39.02, 108.99] [-38.82, 109.99]
4.173442e+09 [-51.99, 135.08] [-51.79, 136.08] [-51.59, 137.08]
4.332821e+09 [-47.35, -55.94] [-47.15, -54.94] [-46.95, -53.94]
4.498286e+09 [-51.10, -59.70] [-50.90, -58.70] [-50.70, -57.70]
4.670071e+09 [-38.51, -116.77] [-38.31, -115.77] [-38.11, -114.77]
4.848415e+09 [-45.36, -97.02] [-45.16, -96.02] [-44.96, -95.02]
5.033571e+09 [-48.46, -27.05] [-48.26, -26.05] [-48.06, -25.05]
5.225797e+09 [-40.56, -78.56] [-40.36, -77.56] [-40.16, -76.56]
5.425364e+09 [-31.55, 86.44] [-31.35, 87.44] [-31.15, 88.44]
5.632553e+09 [-32.52, -93.84] [-32.32, -92.84] [-32.12, -91.84]
5.847653e+09 [-32.94, -45.58] [-32.74, -44.58] [-32.54, -43.58]
6.070969e+09 [-36.48, 68.72] [-36.28, 69.72] [-36.08, 70.72]
6.302812e+09 [-33.73, 42.41] [-33.53, 43.41] [-33.33, 44.41]
6.543509e+09 [-35.07, 64.11] [-34.87, 65.11] [-34.67, 66.11]
6.793398e+09 [-42.69, -124.51] [-42.49, -123.51] [-42.29, -122.51]
7.052830e+09 [-47.40, -117.62] [-47.20, -116.62] [-47.00, -115.62]
7.322170e+09 [-32.70, -108.97] [-32.50, -107.97] [-32.30, -106.97]
7.601795e+09 [-58.18, 166.38] [-57.98, 167.38] [-57.78, 168.38]
7.892099e+09 [-51.90, 176.17] [-51.70, 177.17] [-51.50, 178.17]
8.193489e+09 [-47.36, 126.72] [-47.16, 127.72] [-46.96, 128.72]
8.506389e+09 [-39.55, 125.72] [-39.35, 126.72] [-39.15, 127.72]
8.831239e+09 [-47.26, 89.20] [-47.06, 90.20] [-46.86, 91.20]
9.168493e+09 [-42.94, 113.31] [-42.74, 114.31] [-42.54, 115.31]
9.518628e+09 [-40.75, -37.72] [-40.55, -36.72] [-40.35, -35.72]
9.882133e+09 [-36.43, 47.29] [-36.23, 48.29] [-36.03, 49.29]
1.025952e+10 [-38.93, -15.92] [-38.73, -14.92] [-38.53, -13.92]
1.065132e+10 [-29.62, 165.93] [-29.42, 166.93] [-29.22, 167.93]
1.105808e+10 [-33.63, -7.77] [-33.43, -6.77] [-33.23, -5.77]
1.148038e+10 [-35.23, -19.73] [-35.03, -18.73] [-34.83, -17.73]
1.191880e+10 [-47.41, -45.59] [-47.21, -44.59] [-47.01, -43.59]
1.237396e+10 [-42.09, -162.12] [-41.89, -161.12] [-41.69, -160.12]
1.284651e+10 [-46.18, -53.56] [-45.98, -52.56] [-45.78, -51.56]
1.333711e+10 [-40.03, 101.08] [-39.83, 102.08] [-39.63, 103.08]
1.384643e+10 [-28.34, 90.67] [-28.14, 91.67] [-27.94, 92.67]
1.437521e+10 [-34.22, 120.28] [-34.02, 121.28] [-33.82, 122.28]
1.492419e+10 [-43.09, 136.86] [-42.89, 137.86] [-42.69, 138.86]
1.549412e+10 [-31.27, -64.91] [-31.07, -63.91] [-30.87, -62.91]
1.608583e+10 [-37.01, 137.02] [-36.81, 138.02] [-36.61, 139.02]
1.670013e+10 [-46.29, -87.74] [-46.09, -86.74] [-45.89, -85.74]
1.733789e+10 [-45.55, -175.30] [-45.35, -174.30] [-45.15, -173.30]
1.800000e+10 [-47.82, -154.67] [-47.62, -153.67] [-47.42, -152.67]
