FUNIT: Hz
UNIT: dB
1.000000e+07 [-0.31, -29.77] [-0.11, -28.77] [0.09, -27.77]
1.038189e+07 [-0.29, -30.83] [-0.09, -29.83] [0.11, -28.83]
1.077836e+07 [-0.30, -30.57] [-0.10, -29.57] [0.10, -28.57]
1.118997e+07 [-0.53, -33.47] [-0.33, -32.47] [-0.13, -31.47]
1.161731e+07 [-0.30, -33.27] [-0.10, -32.27] [0.10, -31.27]
1.206096e+07 [-0.31, -34.72] [-0.11, -33.72] [0.09, -32.72]
1.252155e+07 [-0.32, -36.60] [-0.12, -35.60] [0.08, -34.60]
1.299974e+07 [-0.32, -37.25] [-0.12, -36.25] [0.08, -35.25]
1.349618e+07 [-0.27, -39.18] [-0.07, -38.18] [0.13, -37.18]
1.401158e+07 [-0.23, -40.58] [-0.03, -39.58] [0.17, -38.58]
1.454667e+07 [-0.38, -42.33] [-0.18, -41.33] [0.02, -40.33]
1.510219e+07 [-0.45, -42.84] [-0.25, -41.84] [-0.05, -40.84]
1.567893e+07 [-0.30, -45.45] [-0.10, -44.45] [0.10, -43.45]
1.627769e+07 [-0.33, -46.65] [-0.13, -45.65] [0.07, -44.65]
1.689931e+07 [-0.25, -48.20] [-0.05, -47.20] [0.15, -46.20]
1.754468e+07 [-0.27, -50.51] [-0.07, -49.51] [0.13, -48.51]
1.821469e+07 [-0.37, -51.96] [-0.17, -50.96] [0.03, -49.96]
1.891029e+07 [-0.33, -54.06] [-0.13, -53.06] [0.07, -52.06]
1.963245e+07 [-0.35, -56.80] [-0.15, -55.80] [0.05, -54.80]
2.038219e+07 [-0.32, -58.47] [-0.12, -57.47] [0.08, -56.47]
2.116056e+07 [-0.34, -60.15] [-0.14, -59.15] [0.06, -58.15]
2.196866e+07 [-0.33, -62.96] [-0.13, -61.96] [0.07, -60.96]
2.280762e+07 [-0.32, -64.83] [-0.12, -63.83] [0.08, -62.83]
2.367862e+07 [-0.30, -67.73] [-0.10, -66.73] [0.10, -65.73]
2.458288e+07 [-0.29, -70.22] [-0.09, -69.22] [0.11, -68.22]
2.552167e+07 [-0.31, -72.69] [-0.11, -71.69] [0.09, -70.69]
2.649631e+07 [-0.32, -75.69] [-0.12, -74.69] [0.08, -73.69]
2.750818e+07 [-0.31, -78.31] [-0.11, -77.31] [0.09, -76.31]
2.855868e+07 [-0.32, -81.29] [-0.12, -80.29] [0.08, -79.29]
2.964930e+07 [-0.29, -84.70] [-0.09, -83.70] [0.11, -82.70]
3.078158e+07 [-0.35, -87.37] [-0.15, -86.37] [0.05, -85.37]
3.195709e+07 [-0.34, -90.86] [-0.14, -89.86] [0.06, -88.86]
3.317750e+07 [-0.34, -94.37] [-0.14, -93.37] [0.06, -92.37]
3.444451e+07 [-0.36, -98.01] [-0.16, -97.01] [0.04, -96.01]
3.575990e+07 [-0.35, -101.36] [-0.15, -100.36] [0.05, -99.36]
3.712553e+07 [-0.35, -105.43] [-0.15, -104.43] [0.05, -103.43]
3.854331e+07 [-0.37, -109.27] [-0.17, -108.27] [0.03, -107.27]
4.001524e+07 [-0.39, -113.56] [-0.19, -112.56] [0.01, -111.56]
4.154338e+07 [-0.37, -117.49] [-0.17, -116.49] [0.03, -115.49]
4.312987e+07 [-0.36, -122.14] [-0.16, -121.14] [0.04, -120.14]
4.477695e+07 [-0.34, -126.58] [-0.14, -125.58] [0.06, -124.58]
4.648693e+07 [-0.36, -131.71] [-0.16, -130.71] [0.04, -129.71]
4.826221e+07 [-0.34, -136.67] [-0.14, -135.67] [0.06, -134.67]
5.010529e+07 [-0.36, -141.81] [-0.16, -140.81] [0.04, -139.81]
5.201875e+07 [-0.39, -147.24] [-0.19, -146.24] [0.01, -145.24]
5.400529e+07 [-0.37, -152.60] [-0.17, -151.60] [0.03, -150.60]
5.606769e+07 [-0.37, -158.42] [-0.17, -157.42] [0.03, -156.42]
5.820885e+07 [-0.40, -164.43] [-0.20, -163.43] [0.00, -162.43]
6.043178e+07 [-0.33, -170.79] [-0.13, -169.79] [0.07, -168.79]
6.273960e+07 [-0.39, -177.30] [-0.19, -176.30] [0.01, -175.30]
6.513556e+07 [-0.41, 176.08] [-0.21, 177.08] [-0.01, 178.08]
6.762301e+07 [-0.41, 169.09] [-0.21, 170.09] [-0.01, 171.09]
7.020545e+07 [-0.42, 162.09] [-0.22, 163.09] [-0.02, 164.09]
7.288652e+07 [-0.40, 154.43] [-0.20, 155.43] [0.00, 156.43]
7.566997e+07 [-0.38, 146.74] [-0.18, 147.74] [0.02, 148.74]
7.855972e+07 [-0.44, 138.58] [-0.24, 139.58] [-0.04, 140.58]
8.155983e+07 [-0.41, 130.16] [-0.21, 131.16] [-0.01, 132.16]
8.467450e+07 [-0.42, 121.34] [-0.22, 122.34] [-0.02, 123.34]
8.790813e+07 [-0.41, 112.37] [-0.21, 113.37] [-0.01, 114.37]
9.126524e+07 [-0.42, 103.02] [-0.22, 104.02] [-0.02, 105.02]
9.475055e+07 [-0.42, 93.24] [-0.22, 94.24] [-0.02, 95.24]
9.836897e+07 [-0.42, 83.11] [-0.22, 84.11] [-0.02, 85.11]
1.021256e+08 [-0.43, 72.76] [-0.23, 73.76] [-0.03, 74.76]
1.060256e+08 [-0.43, 61.65] [-0.23, 62.65] [-0.03, 63.65]
1.100746e+08 [-0.44, 50.31] [-0.24, 51.31] [-0.04, 52.31]
1.142782e+08 [-0.45, 38.55] [-0.25, 39.55] [-0.05, 40.55]
1.186424e+08 [-0.45, 26.47] [-0.25, 27.47] [-0.05, 28.47]
1.231732e+08 [-0.47, 13.76] [-0.27, 14.76] [-0.07, 15.76]
1.278771e+08 [-0.46, 0.56] [-0.26, 1.56] [-0.06, 2.56]
1.327605e+08 [-0.46, -13.14] [-0.26, -12.14] [-0.06, -11.14]
1.378305e+08 [-0.47, -27.25] [-0.27, -26.25] [-0.07, -25.25]
1.430941e+08 [-0.47, -42.02] [-0.27, -41.02] [-0.07, -40.02]
1.485587e+08 [-0.48, -57.26] [-0.28, -56.26] [-0.08, -55.26]
1.542320e+08 [-0.48, -73.12] [-0.28, -72.12] [-0.08, -71.12]
1.601219e+08 [-0.49, -89.65] [-0.29, -88.65] [-0.09, -87.65]
1.662368e+08 [-0.49, -106.72] [-0.29, -105.72] [-0.09, -104.72]
1.725852e+08 [-0.50, -124.50] [-0.30, -123.50] [-0.10, -122.50]
1.791760e+08 [-0.51, -142.85] [-0.31, -141.85] [-0.11, -140.85]
1.860186e+08 [-0.51, -162.02] [-0.31, -161.02] [-0.11, -160.02]
1.931224e+08 [-0.52, 178.09] [-0.32, 179.09] [-0.12, 180.09]
2.004975e+08 [-0.53, 157.52] [-0.33, 158.52] [-0.13, 159.52]
2.081543e+08 [-0.53, 136.09] [-0.33, 137.09] [-0.13, 138.09]
2.161035e+08 [-0.55, 113.92] [-0.35, 114.92] [-0.15, 115.92]
2.243562e+08 [-0.53, 90.83] [-0.33, 91.83] [-0.13, 92.83]
2.329241e+08 [-0.55, 66.85] [-0.35, 67.85] [-0.15, 68.85]
2.418192e+08 [-0.56, 41.96] [-0.36, 42.96] [-0.16, 43.96]
2.510540e+08 [-0.56, 16.16] [-0.36, 17.16] [-0.16, 18.16]
2.606415e+08 [-0.57, -10.59] [-0.37, -9.59] [-0.17, -8.59]
2.705951e+08 [-0.58, -38.45] [-0.38, -37.45] [-0.18, -36.45]
2.809288e+08 [-0.58, -67.33] [-0.38, -66.33] [-0.18, -65.33]
2.916571e+08 [-0.59, -97.28] [-0.39, -96.28] [-0.19, -95.28]
3.027952e+08 [-0.60, -128.42] [-0.40, -127.42] [-0.20, -126.42]
3.143586e+08 [-0.61, -160.72] [-0.41, -159.72] [-0.21, -158.72]
3.263636e+08 [-0.62, 165.72] [-0.42, 166.72] [-0.22, 167.72]
3.388271e+08 [-0.63, 130.91] [-0.43, 131.91] [-0.23, 132.91]
3.517665e+08 [-0.63, 94.76] [-0.43, 95.76] [-0.23, 96.76]
3.652000e+08 [-0.64, 57.22] [-0.44, 58.22] [-0.24, 59.22]
3.791466e+08 [-0.65, 18.27] [-0.45, 19.27] [-0.25, 20.27]
3.936258e+08 [-0.66, -22.21] [-0.46, -21.21] [-0.26, -20.21]
4.086579e+08 [-0.67, -64.21] [-0.47, -63.21] [-0.27, -62.21]
4.242641e+08 [-0.68, -107.82] [-0.48, -106.82] [-0.28, -105.82]
4.404662e+08 [-0.68, -153.04] [-0.48, -152.04] [-0.28, -151.04]
4.572871e+08 [-0.69, 159.97] [-0.49, 160.97] [-0.29, 161.97]
4.747504e+08 [-0.70, 111.15] [-0.50, 112.15] [-0.30, 113.15]
4.928806e+08 [-0.72, 60.52] [-0.52, 61.52] [-0.32, 62.52]
5.117031e+08 [-0.72, 7.95] [-0.52, 8.95] [-0.32, 9.95]
5.312445e+08 [-0.73, -46.64] [-0.53, -45.64] [-0.33, -44.64]
5.515321e+08 [-0.75, -103.30] [-0.55, -102.30] [-0.35, -101.30]
5.725945e+08 [-0.75, -162.10] [-0.55, -161.10] [-0.35, -160.10]
5.944612e+08 [-0.77, 136.80] [-0.57, 137.80] [-0.37, 138.80]
6.171630e+08 [-0.78, 73.36] [-0.58, 74.36] [-0.38, 75.36]
6.407317e+08 [-0.79, 7.56] [-0.59, 8.56] [-0.39, 9.56]
6.652006e+08 [-0.80, -60.78] [-0.60, -59.78] [-0.40, -58.78]
6.906038e+08 [-0.81, -131.74] [-0.61, -130.74] [-0.41, -129.74]
7.169772e+08 [-0.82, 154.63] [-0.62, 155.63] [-0.42, 156.63]
7.443577e+08 [-0.83, 78.13] [-0.63, 79.13] [-0.43, 80.13]
7.727839e+08 [-0.85, -1.23] [-0.65, -0.23] [-0.45, 0.77]
8.022956e+08 [-0.86, -83.59] [-0.66, -82.59] [-0.46, -81.59]
8.329344e+08 [-0.87, -169.15] [-0.67, -168.15] [-0.47, -167.15]
8.647432e+08 [-0.89, 101.97] [-0.69, 102.97] [-0.49, 103.97]
8.977667e+08 [-0.91, 9.75] [-0.71, 10.75] [-0.51, 11.75]
9.320514e+08 [-0.92, -85.94] [-0.72, -84.94] [-0.52, -83.94]
9.676454e+08 [-0.93, 174.61] [-0.73, 175.61] [-0.53, 176.61]
1.004599e+09 [-0.95, 71.42] [-0.75, 72.42] [-0.55, 73.42]
1.042963e+09 [-0.97, -35.62] [-0.77, -34.62] [-0.57, -33.62]
1.082793e+09 [-0.97, -146.86] [-0.77, -145.86] [-0.57, -144.86]
1.124143e+09 [-0.99, 97.64] [-0.79, 98.64] [-0.59, 99.64]
1.167073e+09 [-1.01, -22.18] [-0.81, -21.18] [-0.61, -20.18]
1.211642e+09 [-1.02, -146.67] [-0.82, -145.67] [-0.62, -144.67]
1.257913e+09 [-1.04, 84.14] [-0.84, 85.14] [-0.64, 86.14]
1.305952e+09 [-1.06, -49.96] [-0.86, -48.96] [-0.66, -47.96]
1.355825e+09 [-1.08, 170.77] [-0.88, 171.77] [-0.68, 172.77]
1.407602e+09 [-1.09, 26.24] [-0.89, 27.24] [-0.69, 28.24]
1.461357e+09 [-1.12, -123.84] [-0.92, -122.84] [-0.72, -121.84]
1.517164e+09 [-1.13, 80.32] [-0.93, 81.32] [-0.73, 82.32]
1.575103e+09 [-1.16, -81.46] [-0.96, -80.46] [-0.76, -79.46]
1.635254e+09 [-1.17, 110.63] [-0.97, 111.63] [-0.77, 112.63]
1.697703e+09 [-1.19, -63.76] [-0.99, -62.76] [-0.79, -61.76]
1.762536e+09 [-1.22, 115.40] [-1.02, 116.40] [-0.82, 117.40]
1.829845e+09 [-1.24, -72.61] [-1.04, -71.61] [-0.84, -70.61]
1.899725e+09 [-1.26, 92.53] [-1.06, 93.53] [-0.86, 94.53]
1.972273e+09 [-1.29, -110.30] [-1.09, -109.30] [-0.89, -108.30]
2.047592e+09 [-1.30, 39.61] [-1.10, 40.61] [-0.90, 41.61]
2.125787e+09 [-1.35, -178.78] [-1.15, -177.78] [-0.95, -176.78]
2.206969e+09 [-1.35, -45.46] [-1.15, -44.46] [-0.95, -43.46]
2.291250e+09 [-1.39, 79.53] [-1.19, 80.53] [-0.99, 81.53]
2.378751e+09 [-1.42, -164.93] [-1.22, -163.93] [-1.02, -162.93]
2.469592e+09 [-1.42, -58.32] [-1.22, -57.32] [-1.02, -56.32]
2.563903e+09 [-1.47, 38.48] [-1.27, 39.48] [-1.07, 40.48]
2.661816e+09 [-1.52, 124.94] [-1.32, 125.94] [-1.12, 126.94]
2.763468e+09 [-1.52, -158.69] [-1.32, -157.69] [-1.12, -156.69]
2.869001e+09 [-1.55, -93.27] [-1.35, -92.27] [-1.15, -91.27]
2.978565e+09 [-1.61, -38.98] [-1.41, -37.98] [-1.21, -36.98]
3.092313e+09 [-1.64, 3.30] [-1.44, 4.30] [-1.24, 5.30]
3.210405e+09 [-1.67, 33.71] [-1.47, 34.71] [-1.27, 35.71]
3.333007e+09 [-1.69, 51.44] [-1.49, 52.44] [-1.29, 53.44]
3.460290e+09 [-1.71, 56.30] [-1.51, 57.30] [-1.31, 58.30]
3.592435e+09 [-1.74, 47.68] [-1.54, 48.68] [-1.34, 49.68]
3.729626e+09 [-1.77, 24.83] [-1.57, 25.83] [-1.37, 26.83]
3.872056e+09 [-1.80, -12.85] [-1.60, -11.85] [-1.40, -10.85]
4.019925e+09 [-1.84, -65.73] [-1.64, -64.73] [-1.44, -63.73]
4.173442e+09 [-1.90, -134.28] [-1.70, -133.28] [-1.50, -132.28]
4.332821e+09 [-1.95, 140.73] [-1.75, 141.73] [-1.55, 142.73]
4.498286e+09 [-2.08, 39.10] [-1.88, 40.10] [-1.68, 41.10]
4.670071e+09 [-2.05, -80.03] [-1.85, -79.03] [-1.65, -78.03]
4.848415e+09 [-2.08, 141.58] [-1.88, 142.58] [-1.68, 143.58]
5.033571e+09 [-2.25, -15.19] [-2.05, -14.19] [-1.85, -13.19]
5.225797e+09 [-2.38, 168.45] [-2.18, 169.45] [-1.98, 170.45]
5.425364e+09 [-2.41, -28.74] [-2.21, -27.74] [-2.01, -26.74]
5.632553e+09 [-2.68, 114.21] [-2.48, 115.21] [-2.28, 116.21]
5.847653e+09 [-2.85, -125.77] [-2.65, -124.77] [-2.45, -123.77]
6.070969e+09 [-2.87, -27.91] [-2.67, -26.91] [-2.47, -25.91]
6.302812e+09 [-2.70, 45.85] [-2.50, 46.85] [-2.30, 47.85]
6.543509e+09 [-2.61, 94.44] [-2.41, 95.44] [-2.21, 96.44]
6.793398e+09 [-2.75, 117.50] [-2.55, 118.50] [-2.35, 119.50]
7.052830e+09 [-2.79, 112.90] [-2.59, 113.90] [-2.39, 114.90]
7.322170e+09 [-2.88, 81.07] [-2.68, 82.07] [-2.48, 83.07]
7.601795e+09 [-2.96, 21.58] [-2.76, 22.58] [-2.56, 23.58]
7.892099e+09 [-2.99, -68.26] [-2.79, -67.26] [-2.59, -66.26]
8.193489e+09 [-2.96, 170.47] [-2.76, 171.47] [-2.56, 172.47]
8.506389e+09 [-2.87, 16.63] [-2.67, 17.63] [-2.47, 18.63]
8.831239e+09 [-3.05, -169.90] [-2.85, -168.90] [-2.65, -167.90]
9.168493e+09 [-3.11, -30.49] [-2.91, -29.49] [-2.71, -28.49]
9.518628e+09 [-3.11, 71.64] [-2.91, 72.64] [-2.71, 73.64]
9.882133e+09 [-3.19, 136.81] [-2.99, 137.81] [-2.79, 138.81]
1.025952e+10 [-3.27, 163.92] [-3.07, 164.92] [-2.87, 165.92]
1.065132e+10 [-3.48, 150.34] [-3.28, 151.34] [-3.08, 152.34]
1.105808e+10 [-3.53, 94.83] [-3.33, 95.83] [-3.13, 96.83]
1.148038e+10 [-3.85, -2.96] [-3.65, -1.96] [-3.45, -0.96]
1.191880e+10 [-4.19, -145.56] [-3.99, -144.56] [-3.79, -143.56]
1.237396e+10 [-4.08, 28.77] [-3.88, 29.77] [-3.68, 30.77]
1.284651e+10 [-4.24, 147.92] [-4.04, 148.92] [-3.84, 149.92]
1.333711e+10 [-4.25, -138.33] [-4.05, -137.33] [-3.85, -136.33]
1.384643e+10 [-4.10, -120.06] [-3.90, -119.06] [-3.70, -118.06]
1.437521e+10 [-3.92, -158.06] [-3.72, -157.06] [-3.52, -156.06]
1.492419e+10 [-4.00, 109.61] [-3.80, 110.61] [-3.60, 111.61]
1.549412e+10 [-4.20, -43.19] [-4.00, -42.19] [-3.80, -41.19]
1.608583e+10 [-4.69, 106.36] [-4.49, 107.36] [-4.29, 108.36]
1.670013e+10 [-4.36, -167.84] [-4.16, -166.84] [-3.96, -165.84]
1.733789e+10 [-5.15, -146.94] [-4.95, -145.94] [-4.75, -144.94]
1.800000e+10 [-4.54, 163.11] [-4.34, 164.11] [-4.14, 165.11]
