FUNIT: Hz
UNIT: dB
1.000000e+07 [-20.63, -86.10] [-20.43, -85.10] [-20.23, -84.10]
1.038189e+07 [-20.64, -89.57] [-20.44, -88.57] [-20.24, -87.57]
1.077836e+07 [-20.61, -91.25] [-20.41, -90.25] [-20.21, -89.25]
1.118997e+07 [-20.86, -96.49] [-20.66, -95.49] [-20.46, -94.49]
1.161731e+07 [-20.64, -98.61] [-20.44, -97.61] [-20.24, -96.61]
1.206096e+07 [-20.64, -103.09] [-20.44, -102.09] [-20.24, -101.09]
1.252155e+07 [-20.63, -107.61] [-20.43, -106.61] [-20.23, -105.61]
1.299974e+07 [-20.65, -110.82] [-20.45, -109.82] [-20.25, -108.82]
1.349618e+07 [-20.59, -115.33] [-20.39, -114.33] [-20.19, -113.33]
1.401158e+07 [-20.55, -119.64] [-20.35, -118.64] [-20.15, -117.64]
1.454667e+07 [-20.73, -124.52] [-20.53, -123.52] [-20.33, -122.52]
1.510219e+07 [-20.78, -128.10] [-20.58, -127.10] [-20.38, -126.10]
1.567893e+07 [-20.63, -133.87] [-20.43, -132.87] [-20.23, -131.87]
1.627769e+07 [-20.68, -138.50] [-20.48, -137.50] [-20.28, -136.50]
1.689931e+07 [-20.61, -143.73] [-20.41, -142.73] [-20.21, -141.73]
1.754468e+07 [-20.62, -149.31] [-20.42, -148.31] [-20.22, -147.31]
1.821469e+07 [-20.69, -154.60] [-20.49, -153.60] [-20.29, -152.60]
1.891029e+07 [-20.68, -160.65] [-20.48, -159.65] [-20.28, -158.65]
1.963245e+07 [-20.72, -167.34] [-20.52, -166.34] [-20.32, -165.34]
2.038219e+07 [-20.72, -173.29] [-20.52, -172.29] [-20.32, -171.29]
2.116056e+07 [-20.70, -179.40] [-20.50, -178.40] [-20.30, -177.40]
2.196866e+07 [-20.72, 173.29] [-20.52, 174.29] [-20.32, 175.29]
2.280762e+07 [-20.68, 166.61] [-20.48, 167.61] [-20.28, 168.61]
2.367862e+07 [-20.68, 158.97] [-20.48, 159.97] [-20.28, 160.97]
2.458288e+07 [-20.68, 151.41] [-20.48, 152.41] [-20.28, 153.41]
2.552167e+07 [-20.70, 143.49] [-20.50, 144.49] [-20.30, 145.49]
2.649631e+07 [-20.71, 135.15] [-20.51, 136.15] [-20.31, 137.15]
2.750818e+07 [-20.70, 126.86] [-20.50, 127.86] [-20.30, 128.86]
2.855868e+07 [-20.71, 117.95] [-20.51, 118.95] [-20.31, 119.95]
2.964930e+07 [-20.68, 108.42] [-20.48, 109.42] [-20.28, 110.42]
3.078158e+07 [-20.75, 99.45] [-20.55, 100.45] [-20.35, 101.45]
3.195709e+07 [-20.74, 89.29] [-20.54, 90.29] [-20.34, 91.29]
3.317750e+07 [-20.76, 78.96] [-20.56, 79.96] [-20.36, 80.96]
3.444451e+07 [-20.77, 68.27] [-20.57, 69.27] [-20.37, 70.27]
3.575990e+07 [-20.77, 57.55] [-20.57, 58.55] [-20.37, 59.55]
3.712553e+07 [-20.77, 45.78] [-20.57, 46.78] [-20.37, 47.78]
3.854331e+07 [-20.80, 34.04] [-20.60, 35.04] [-20.40, 36.04]
4.001524e+07 [-20.83, 21.44] [-20.63, 22.44] [-20.43, 23.44]
4.154338e+07 [-20.80, 8.99] [-20.60, 9.99] [-20.40, 10.99]
4.312987e+07 [-20.80, -4.45] [-20.60, -3.45] [-20.40, -2.45]
4.477695e+07 [-20.80, -18.25] [-20.60, -17.25] [-20.40, -16.25]
4.648693e+07 [-20.80, -32.94] [-20.60, -31.94] [-20.40, -30.94]
4.826221e+07 [-20.80, -47.82] [-20.60, -46.82] [-20.40, -45.82]
5.010529e+07 [-20.83, -63.27] [-20.63, -62.27] [-20.43, -61.27]
5.201875e+07 [-20.87, -79.46] [-20.67, -78.46] [-20.47, -77.46]
5.400529e+07 [-20.85, -95.90] [-20.65, -94.90] [-20.45, -93.90]
5.606769e+07 [-20.87, -113.31] [-20.67, -112.31] [-20.47, -111.31]
5.820885e+07 [-20.89, -131.25] [-20.69, -130.25] [-20.49, -129.25]
6.043178e+07 [-20.83, -150.10] [-20.63, -149.10] [-20.43, -148.10]
6.273960e+07 [-20.90, -169.48] [-20.70, -168.48] [-20.50, -167.48]
6.513556e+07 [-20.92, 170.47] [-20.72, 171.47] [-20.52, 172.47]
6.762301e+07 [-20.92, 149.60] [-20.72, 150.60] [-20.52, 151.60]
7.020545e+07 [-20.94, 128.11] [-20.74, 129.11] [-20.54, 130.11]
7.288652e+07 [-20.93, 105.42] [-20.73, 106.42] [-20.53, 107.42]
7.566997e+07 [-20.92, 82.17] [-20.72, 83.17] [-20.52, 84.17]
7.855972e+07 [-20.98, 57.86] [-20.78, 58.86] [-20.58, 59.86]
8.155983e+07 [-20.96, 32.68] [-20.76, 33.68] [-20.56, 34.68]
8.467450e+07 [-20.98, 6.43] [-20.78, 7.43] [-20.58, 8.43]
8.790813e+07 [-20.98, -20.63] [-20.78, -19.63] [-20.58, -18.63]
9.126524e+07 [-20.99, -48.84] [-20.79, -47.84] [-20.59, -46.84]
9.475055e+07 [-20.99, -78.07] [-20.79, -77.07] [-20.59, -76.07]
9.836897e+07 [-21.01, -108.42] [-20.81, -107.42] [-20.61, -106.42]
1.021256e+08 [-21.03, -139.79] [-20.83, -138.79] [-20.63, -137.79]
1.060256e+08 [-21.04, -172.72] [-20.84, -171.72] [-20.64, -170.72]
1.100746e+08 [-21.05, 153.26] [-20.85, 154.26] [-20.65, 155.26]
1.142782e+08 [-21.07, 118.02] [-20.87, 119.02] [-20.67, 120.02]
1.186424e+08 [-21.08, 81.55] [-20.88, 82.55] [-20.68, 83.55]
1.231732e+08 [-21.11, 43.46] [-20.91, 44.46] [-20.71, 45.46]
1.278771e+08 [-21.11, 4.01] [-20.91, 5.01] [-20.71, 6.01]
1.327605e+08 [-21.12, -37.02] [-20.92, -36.02] [-20.72, -35.02]
1.378305e+08 [-21.14, -79.47] [-20.94, -78.47] [-20.74, -77.47]
1.430941e+08 [-21.15, -123.65] [-20.95, -122.65] [-20.75, -121.65]
1.485587e+08 [-21.17, -169.43] [-20.97, -168.43] [-20.77, -167.43]
1.542320e+08 [-21.18, 142.98] [-20.98, 143.98] [-20.78, 144.98]
1.601219e+08 [-21.20, 93.56] [-21.00, 94.56] [-20.80, 95.56]
1.662368e+08 [-21.22, 42.29] [-21.02, 43.29] [-20.82, 44.29]
1.725852e+08 [-21.23, -10.95] [-21.03, -9.95] [-20.83, -8.95]
1.791760e+08 [-21.25, -66.15] [-21.05, -65.15] [-20.85, -64.15]
1.860186e+08 [-21.26, -123.58] [-21.06, -122.58] [-20.86, -121.58]
1.931224e+08 [-21.28, 176.82] [-21.08, 177.82] [-20.88, 178.82]
2.004975e+08 [-21.31, 115.05] [-21.11, 116.05] [-20.91, 117.05]
2.081543e+08 [-21.32, 50.80] [-21.12, 51.80] [-20.92, 52.80]
2.161035e+08 [-21.34, -15.77] [-21.14, -14.77] [-20.94, -13.77]
2.243562e+08 [-21.35, -85.00] [-21.15, -84.00] [-20.95, -83.00]
2.329241e+08 [-21.38, -156.84] [-21.18, -155.84] [-20.98, -154.84]
2.418192e+08 [-21.40, 128.59] [-21.20, 129.59] [-21.00, 130.59]
2.510540e+08 [-21.41, 51.19] [-21.21, 52.19] [-21.01, 53.19]
2.606415e+08 [-21.44, -29.16] [-21.24, -28.16] [-21.04, -27.16]
2.705951e+08 [-21.46, -112.62] [-21.26, -111.62] [-21.06, -110.62]
2.809288e+08 [-21.48, 160.78] [-21.28, 161.78] [-21.08, 162.78]
2.916571e+08 [-21.50, 70.87] [-21.30, 71.87] [-21.10, 72.87]
3.027952e+08 [-21.53, -22.48] [-21.33, -21.48] [-21.13, -20.48]
3.143586e+08 [-21.56, -119.35] [-21.36, -118.35] [-21.16, -117.35]
3.263636e+08 [-21.58, 140.04] [-21.38, 141.04] [-21.18, 142.04]
3.388271e+08 [-21.60, 35.65] [-21.40, 36.65] [-21.20, 37.65]
3.517665e+08 [-21.61, -72.81] [-21.41, -71.81] [-21.21, -70.81]
3.652000e+08 [-21.64, 174.60] [-21.44, 175.60] [-21.24, 176.60]
3.791466e+08 [-21.67, 57.81] [-21.47, 58.81] [-21.27, 59.81]
3.936258e+08 [-21.69, -63.57] [-21.49, -62.57] [-21.29, -61.57]
4.086579e+08 [-21.72, 170.51] [-21.52, 171.51] [-21.32, 172.51]
4.242641e+08 [-21.75, 39.75] [-21.55, 40.75] [-21.35, 41.75]
4.404662e+08 [-21.77, -95.99] [-21.57, -94.99] [-21.37, -93.99]
4.572871e+08 [-21.79, 123.00] [-21.59, 124.00] [-21.39, 125.00]
4.747504e+08 [-21.84, -23.29] [-21.64, -22.29] [-21.44, -21.29]
4.928806e+08 [-21.86, -175.11] [-21.66, -174.11] [-21.46, -173.11]
5.117031e+08 [-21.88, 27.23] [-21.68, 28.23] [-21.48, 29.23]
5.312445e+08 [-21.92, -136.58] [-21.72, -135.58] [-21.52, -134.58]
5.515321e+08 [-21.95, 53.59] [-21.75, 54.59] [-21.55, 55.59]
5.725945e+08 [-21.98, -122.84] [-21.78, -121.84] [-21.58, -120.84]
5.944612e+08 [-22.00, 53.98] [-21.80, 54.98] [-21.60, 55.98]
6.171630e+08 [-22.03, -136.25] [-21.83, -135.25] [-21.63, -134.25]
6.407317e+08 [-22.09, 26.28] [-21.89, 27.28] [-21.69, 28.28]
6.652006e+08 [-22.11, -178.60] [-21.91, -177.60] [-21.71, -176.60]
6.906038e+08 [-22.14, -31.36] [-21.94, -30.36] [-21.74, -29.36]
7.169772e+08 [-22.17, 107.73] [-21.97, 108.73] [-21.77, 109.73]
7.443577e+08 [-22.21, -121.56] [-22.01, -120.56] [-21.81, -119.56]
7.727839e+08 [-22.23, 0.27] [-22.03, 1.27] [-21.83, 2.27]
8.022956e+08 [-22.28, 113.01] [-22.08, 114.01] [-21.88, 115.01]
8.329344e+08 [-22.31, -143.45] [-22.11, -142.45] [-21.91, -141.45]
8.647432e+08 [-22.34, -49.95] [-22.14, -48.95] [-21.94, -47.95]
8.977667e+08 [-22.40, 33.47] [-22.20, 34.47] [-22.00, 35.47]
9.320514e+08 [-22.42, 106.49] [-22.22, 107.49] [-22.02, 108.49]
9.676454e+08 [-22.47, 168.12] [-22.27, 169.12] [-22.07, 170.12]
1.004599e+09 [-22.53, -141.08] [-22.33, -140.08] [-22.13, -139.08]
1.042963e+09 [-22.56, -102.48] [-22.36, -101.48] [-22.16, -100.48]
1.082793e+09 [-22.63, -75.82] [-22.43, -74.82] [-22.23, -73.82]
1.124143e+09 [-22.63, -62.25] [-22.43, -61.25] [-22.23, -60.25]
1.167073e+09 [-22.70, -61.65] [-22.50, -60.65] [-22.30, -59.65]
1.211642e+09 [-22.73, -75.15] [-22.53, -74.15] [-22.33, -73.15]
1.257913e+09 [-22.81, -102.20] [-22.61, -101.20] [-22.41, -100.20]
1.305952e+09 [-22.82, -144.82] [-22.62, -143.82] [-22.42, -142.82]
1.355825e+09 [-22.87, 157.88] [-22.67, 158.88] [-22.47, 159.88]
1.407602e+09 [-22.96, 84.11] [-22.76, 85.11] [-22.56, 86.11]
1.461357e+09 [-22.96, -5.90] [-22.76, -4.90] [-22.56, -3.90]
1.517164e+09 [-23.02, -113.06] [-22.82, -112.06] [-22.62, -111.06]
1.575103e+09 [-23.10, 121.43] [-22.90, 122.43] [-22.70, 123.43]
1.635254e+09 [-23.10, -22.06] [-22.90, -21.06] [-22.70, -20.06]
1.697703e+09 [-23.15, 175.24] [-22.95, 176.24] [-22.75, 177.24]
1.762536e+09 [-23.28, -7.59] [-23.08, -6.59] [-22.88, -5.59]
1.829845e+09 [-23.32, 148.62] [-23.12, 149.62] [-22.92, 150.62]
1.899725e+09 [-23.33, -76.61] [-23.13, -75.61] [-22.93, -74.61]
1.972273e+09 [-23.37, 36.01] [-23.17, 37.01] [-22.97, 38.01]
2.047592e+09 [-23.41, 125.54] [-23.21, 126.54] [-23.01, 127.54]
2.125787e+09 [-23.50, -169.07] [-23.30, -168.07] [-23.10, -167.07]
2.206969e+09 [-23.59, -128.66] [-23.39, -127.66] [-23.19, -126.66]
2.291250e+09 [-23.65, -114.36] [-23.45, -113.36] [-23.25, -112.36]
2.378751e+09 [-23.76, -126.65] [-23.56, -125.65] [-23.36, -124.65]
2.469592e+09 [-23.75, -167.57] [-23.55, -166.57] [-23.35, -165.57]
2.563903e+09 [-23.82, 123.10] [-23.62, 124.10] [-23.42, 125.10]
2.661816e+09 [-23.88, 22.18] [-23.68, 23.18] [-23.48, 24.18]
2.763468e+09 [-24.10, -108.57] [-23.90, -107.57] [-23.70, -106.57]
2.869001e+09 [-24.26, 88.11] [-24.06, 89.11] [-23.86, 90.11]
2.978565e+09 [-24.21, -107.85] [-24.01, -106.85] [-23.81, -105.85]
3.092313e+09 [-24.30, 17.57] [-24.10, 18.57] [-23.90, 19.57]
3.210405e+09 [-24.54, 110.28] [-24.34, 111.28] [-24.14, 112.28]
3.333007e+09 [-24.46, 164.61] [-24.26, 165.61] [-24.06, 166.61]
3.460290e+09 [-24.85, 177.75] [-24.65, 178.75] [-24.45, 179.75]
3.592435e+09 [-24.63, 153.01] [-24.43, 154.01] [-24.23, 155.01]
3.729626e+09 [-25.10, 84.94] [-24.90, 85.94] [-24.70, 86.94]
3.872056e+09 [-25.03, -29.63] [-24.83, -28.63] [-24.63, -27.63]
4.019925e+09 [-24.82, 174.18] [-24.62, 175.18] [-24.42, 176.18]
4.173442e+09 [-25.02, -29.33] [-24.82, -28.33] [-24.62, -27.33]
4.332821e+09 [-25.30, 76.83] [-25.10, 77.83] [-24.90, 78.83]
4.498286e+09 [-25.63, 130.98] [-25.43, 131.98] [-25.23, 132.98]
4.670071e+09 [-25.77, 131.66] [-25.57, 132.66] [-25.37, 133.66]
4.848415e+09 [-25.84, 78.53] [-25.64, 79.53] [-25.44, 80.53]
5.033571e+09 [-25.90, -31.44] [-25.70, -30.44] [-25.50, -29.44]
5.225797e+09 [-26.15, 159.59] [-25.95, 160.59] [-25.75, 161.59]
5.425364e+09 [-26.54, -68.39] [-26.34, -67.39] [-26.14, -66.39]
5.632553e+09 [-26.34, -0.29] [-26.14, 0.71] [-25.94, 1.71]
5.847653e+09 [-26.50, -1.03] [-26.30, -0.03] [-26.10, 0.97]
6.070969e+09 [-26.03, -70.10] [-25.83, -69.10] [-25.63, -68.10]
6.302812e+09 [-26.16, 149.56] [-25.96, 150.56] [-25.76, 151.56]
6.543509e+09 [-26.60, -64.64] [-26.40, -63.64] [-26.20, -62.64]
6.793398e+09 [-26.38, 1.84] [-26.18, 2.84] [-25.98, 3.84]
7.052830e+09 [-26.68, -10.67] [-26.48, -9.67] [-26.28, -8.67]
7.322170e+09 [-26.77, -103.67] [-26.57, -102.67] [-26.37, -101.67]
7.601795e+09 [-26.58, 74.99] [-26.38, 75.99] [-26.18, 76.99]
7.892099e+09 [-26.98, 162.43] [-26.78, 163.43] [-26.58, 164.43]
8.193489e+09 [-26.92, 161.62] [-26.72, 162.62] [-26.52, 163.62]
8.506389e+09 [-27.29, 63.18] [-27.09, 64.18] [-26.89, 65.18]
8.831239e+09 [-27.22, -135.45] [-27.02, -134.45] [-26.82, -133.45]
9.168493e+09 [-27.35, -80.14] [-27.15, -79.14] [-26.95, -78.14]
9.518628e+09 [-27.27, -132.78] [-27.07, -131.78] [-26.87, -130.78]
9.882133e+09 [-27.12, 63.29] [-26.92, 64.29] [-26.72, 65.29]
1.025952e+10 [-27.26, 142.38] [-27.06, 143.38] [-26.86, 144.38]
1.065132e+10 [-27.83, 105.45] [-27.63, 106.45] [-27.43, 107.45]
1.105808e+10 [-27.90, -61.37] [-27.70, -60.37] [-27.50, -59.37]
1.148038e+10 [-27.68, 3.06] [-27.48, 4.06] [-27.28, 5.06]
1.191880e+10 [-28.16, -69.41] [-27.96, -68.41] [-27.76, -67.41]
1.237396e+10 [-28.05, 80.50] [-27.85, 81.50] [-27.65, 82.50]
1.284651e+10 [-27.74, 83.53] [-27.54, 84.53] [-27.34, 85.53]
1.333711e+10 [-27.73, -64.75] [-27.53, -63.75] [-27.33, -62.75]
1.384643e+10 [-27.94, -11.81] [-27.74, -10.81] [-27.54, -9.81]
1.437521e+10 [-28.60, -120.85] [-28.40, -119.85] [-28.20, -118.85]
1.492419e+10 [-28.09, -39.27] [-27.89, -38.27] [-27.69, -37.27]
1.549412e+10 [-28.89, -134.19] [-28.69, -133.19] [-28.49, -132.19]
1.608583e+10 [-29.51, -52.81] [-29.31, -51.81] [-29.11, -50.81]
1.670013e+10 [-29.57, -156.20] [-29.37, -155.20] [-29.17, -154.20]
1.733789e+10 [-29.21, -105.00] [-29.01, -104.00] [-28.81, -103.00]
1.800000e+10 [-29.65, 104.88] [-29.45, 105.88] [-29.25, 106.88]
