FUNIT: Hz
UNIT: dB
1.000000e+04 [-40.98, -36.23] [-40.78, -35.23] [-40.58, -34.23]
1.000000e+07 [-40.98, -36.23] [-40.78, -35.23] [-40.58, -34.23]
1.038189e+07 [-39.72, -34.88] [-39.52, -33.88] [-39.32, -32.88]
1.077836e+07 [-40.43, -38.67] [-40.23, -37.67] [-40.03, -36.67]
1.118997e+07 [-40.51, -35.08] [-40.31, -34.08] [-40.11, -33.08]
1.161731e+07 [-39.79, -38.36] [-39.59, -37.36] [-39.39, -36.36]
1.206096e+07 [-41.07, -38.04] [-40.87, -37.04] [-40.67, -36.04]
1.252155e+07 [-40.73, -40.93] [-40.53, -39.93] [-40.33, -38.93]
1.299974e+07 [-40.16, -42.03] [-39.96, -41.03] [-39.76, -40.03]
1.349618e+07 [-40.51, -44.38] [-40.31, -43.38] [-40.11, -42.38]
1.401158e+07 [-40.79, -46.95] [-40.59, -45.95] [-40.39, -44.95]
1.454667e+07 [-40.59, -45.53] [-40.39, -44.53] [-40.19, -43.53]
1.510219e+07 [-40.47, -47.68] [-40.27, -46.68] [-40.07, -45.68]
1.567893e+07 [-40.68, -50.26] [-40.48, -49.26] [-40.28, -48.26]
1.627769e+07 [-40.95, -52.69] [-40.75, -51.69] [-40.55, -50.69]
1.689931e+07 [-40.74, -52.69] [-40.54, -51.69] [-40.34, -50.69]
1.754468e+07 [-40.95, -55.08] [-40.75, -54.08] [-40.55, -53.08]
1.821469e+07 [-40.97, -61.14] [-40.77, -60.14] [-40.57, -59.14]
1.891029e+07 [-40.51, -59.06] [-40.31, -58.06] [-40.11, -57.06]
1.963245e+07 [-40.84, -60.54] [-40.64, -59.54] [-40.44, -58.54]
2.038219e+07 [-40.75, -61.77] [-40.55, -60.77] [-40.35, -59.77]
2.116056e+07 [-40.58, -64.56] [-40.38, -63.56] [-40.18, -62.56]
2.196866e+07 [-40.79, -65.93] [-40.59, -64.93] [-40.39, -63.93]
2.280762e+07 [-40.81, -69.53] [-40.61, -68.53] [-40.41, -67.53]
2.367862e+07 [-40.44, -70.62] [-40.24, -69.62] [-40.04, -68.62]
2.458288e+07 [-40.97, -73.30] [-40.77, -72.30] [-40.57, -71.30]
2.552167e+07 [-40.60, -76.17] [-40.40, -75.17] [-40.20, -74.17]
2.649631e+07 [-40.54, -79.09] [-40.34, -78.09] [-40.14, -77.09]
2.750818e+07 [-40.66, -79.84] [-40.46, -78.84] [-40.26, -77.84]
2.855868e+07 [-40.50, -85.51] [-40.30, -84.51] [-40.10, -83.51]
2.964930e+07 [-40.22, -88.15] [-40.02, -87.15] [-39.82, -86.15]
3.078158e+07 [-40.68, -91.59] [-40.48, -90.59] [-40.28, -89.59]
3.195709e+07 [-40.43, -94.79] [-40.23, -93.79] [-40.03, -92.79]
3.317750e+07 [-40.23, -98.63] [-40.03, -97.63] [-39.83, -96.63]
3.444451e+07 [-40.21, -101.42] [-40.01, -100.42] [-39.81, -99.42]
3.575990e+07 [-40.33, -107.75] [-40.13, -106.75] [-39.93, -105.75]
3.712553e+07 [-40.41, -110.60] [-40.21, -109.60] [-40.01, -108.60]
3.854331e+07 [-40.36, -114.63] [-40.16, -113.63] [-39.96, -112.63]
4.001524e+07 [-40.29, -120.38] [-40.09, -119.38] [-39.89, -118.38]
4.154338e+07 [-40.46, -124.86] [-40.26, -123.86] [-40.06, -122.86]
4.312987e+07 [-40.46, -129.90] [-40.26, -128.90] [-40.06, -127.90]
4.477695e+07 [-40.54, -135.20] [-40.34, -134.20] [-40.14, -133.20]
4.648693e+07 [-40.42, -140.29] [-40.22, -139.29] [-40.02, -138.29]
4.826221e+07 [-40.70, -146.86] [-40.50, -145.86] [-40.30, -144.86]
5.010529e+07 [-40.55, -151.81] [-40.35, -150.81] [-40.15, -149.81]
5.201875e+07 [-40.58, -157.42] [-40.38, -156.42] [-40.18, -155.42]
5.400529e+07 [-40.73, -163.16] [-40.53, -162.16] [-40.33, -161.16]
5.606769e+07 [-40.87, -169.22] [-40.67, -168.22] [-40.47, -167.22]
5.820885e+07 [-41.01, -175.48] [-40.81, -174.48] [-40.61, -173.48]
6.043178e+07 [-40.84, 178.48] [-40.64, 179.48] [-40.44, 180.48]
6.273960e+07 [-41.03, 172.71] [-40.83, 173.71] [-40.63, 174.71]
6.513556e+07 [-40.99, 166.27] [-40.79, 167.27] [-40.59, 168.27]
6.762301e+07 [-40.77, 160.06] [-40.57, 161.06] [-40.37, 162.06]
7.020545e+07 [-40.82, 151.62] [-40.62, 152.62] [-40.42, 153.62]
7.288652e+07 [-40.62, 143.54] [-40.42, 144.54] [-40.22, 145.54]
7.566997e+07 [-40.66, 135.37] [-40.46, 136.37] [-40.26, 137.37]
7.855972e+07 [-40.64, 126.34] [-40.44, 127.34] [-40.24, 128.34]
8.155983e+07 [-40.54, 116.51] [-40.34, 117.51] [-40.14, 118.51]
8.467450e+07 [-40.55, 107.05] [-40.35, 108.05] [-40.15, 109.05]
8.790813e+07 [-40.65, 96.88] [-40.45, 97.88] [-40.25, 98.88]
9.126524e+07 [-40.82, 87.03] [-40.62, 88.03] [-40.42, 89.03]
9.475055e+07 [-40.89, 76.72] [-40.69, 77.72] [-40.49, 78.72]
9.836897e+07 [-41.03, 66.94] [-40.83, 67.94] [-40.63, 68.94]
1.021256e+08 [-41.07, 56.35] [-40.87, 57.35] [-40.67, 58.35]
1.060256e+08 [-41.05, 45.56] [-40.85, 46.56] [-40.65, 47.56]
1.100746e+08 [-40.98, 34.67] [-40.78, 35.67] [-40.58, 36.67]
1.142782e+08 [-40.86, 22.13] [-40.66, 23.13] [-40.46, 24.13]
1.186424e+08 [-40.76, 8.93] [-40.56, 9.93] [-40.36, 10.93]
1.231732e+08 [-40.80, -5.48] [-40.60, -4.48] [-40.40, -3.48]
1.278771e+08 [-40.86, -19.46] [-40.66, -18.46] [-40.46, -17.46]
1.327605e+08 [-40.92, -34.27] [-40.72, -33.27] [-40.52, -32.27]
1.378305e+08 [-41.10, -49.30] [-40.90, -48.30] [-40.70, -47.30]
1.430941e+08 [-41.11, -63.66] [-40.91, -62.66] [-40.71, -61.66]
1.485587e+08 [-41.13, -78.98] [-40.93, -77.98] [-40.73, -76.98]
1.542320e+08 [-41.02, -95.35] [-40.82, -94.35] [-40.62, -93.35]
1.601219e+08 [-40.95, -112.71] [-40.75, -111.71] [-40.55, -110.71]
1.662368e+08 [-40.86, -131.26] [-40.66, -130.26] [-40.46, -129.26]
1.725852e+08 [-40.94, -150.52] [-40.74, -149.52] [-40.54, -148.52]
1.791760e+08 [-41.05, -169.97] [-40.85, -168.97] [-40.65, -167.97]
1.860186e+08 [-41.06, 170.20] [-40.86, 171.20] [-40.66, 172.20]
1.931224e+08 [-41.11, 150.13] [-40.91, 151.13] [-40.71, 152.13]
2.004975e+08 [-41.04, 128.51] [-40.84, 129.51] [-40.64, 130.51]
2.081543e+08 [-40.98, 105.93] [-40.78, 106.93] [-40.58, 107.93]
2.161035e+08 [-40.98, 82.43] [-40.78, 83.43] [-40.58, 84.43]
2.243562e+08 [-41.04, 57.89] [-40.84, 58.89] [-40.64, 59.89]
2.329241e+08 [-41.03, 32.88] [-40.83, 33.88] [-40.63, 34.88]
2.418192e+08 [-41.09, 6.87] [-40.89, 7.87] [-40.69, 8.87]
2.510540e+08 [-41.07, -19.89] [-40.87, -18.89] [-40.67, -17.89]
2.606415e+08 [-40.99, -47.95] [-40.79, -46.95] [-40.59, -45.95]
2.705951e+08 [-40.93, -77.47] [-40.73, -76.47] [-40.53, -75.47]
2.809288e+08 [-40.97, -108.33] [-40.77, -107.33] [-40.57, -106.33]
2.916571e+08 [-41.09, -139.60] [-40.89, -138.60] [-40.69, -137.60]
3.027952e+08 [-41.03, -171.74] [-40.83, -170.74] [-40.63, -169.74]
3.143586e+08 [-40.88, 154.00] [-40.68, 155.00] [-40.48, 156.00]
3.263636e+08 [-40.96, 117.66] [-40.76, 118.66] [-40.56, 119.66]
3.388271e+08 [-41.13, 81.81] [-40.93, 82.81] [-40.73, 83.81]
3.517665e+08 [-40.95, 45.01] [-40.75, 46.01] [-40.55, 47.01]
3.652000e+08 [-40.84, 3.90] [-40.64, 4.90] [-40.44, 5.90]
3.791466e+08 [-41.11, -37.24] [-40.91, -36.24] [-40.71, -35.24]
3.936258e+08 [-41.03, -77.51] [-40.83, -76.51] [-40.63, -75.51]
4.086579e+08 [-40.72, -123.36] [-40.52, -122.36] [-40.32, -121.36]
4.242641e+08 [-41.05, -170.15] [-40.85, -169.15] [-40.65, -168.15]
4.404662e+08 [-40.99, 145.00] [-40.79, 146.00] [-40.59, 147.00]
4.572871e+08 [-40.75, 93.38] [-40.55, 94.38] [-40.35, 95.38]
4.747504e+08 [-41.09, 42.76] [-40.89, 43.76] [-40.69, 44.76]
4.928806e+08 [-40.63, -9.02] [-40.43, -8.02] [-40.23, -7.02]
5.117031e+08 [-40.86, -67.19] [-40.66, -66.19] [-40.46, -65.19]
5.312445e+08 [-40.77, -121.24] [-40.57, -120.24] [-40.37, -119.24]
5.515321e+08 [-40.50, 174.91] [-40.30, 175.91] [-40.10, 176.91]
5.725945e+08 [-40.96, 115.74] [-40.76, 116.74] [-40.56, 117.74]
5.944612e+08 [-40.35, 49.80] [-40.15, 50.80] [-39.95, 51.80]
6.171630e+08 [-40.75, -15.84] [-40.55, -14.84] [-40.35, -13.84]
6.407317e+08 [-40.26, -88.14] [-40.06, -87.14] [-39.86, -86.14]
6.652006e+08 [-40.67, -157.18] [-40.47, -156.18] [-40.27, -155.18]
6.906038e+08 [-40.40, 123.17] [-40.20, 124.17] [-40.00, 125.17]
7.169772e+08 [-40.53, 50.75] [-40.33, 51.75] [-40.13, 52.75]
7.443577e+08 [-40.59, -35.05] [-40.39, -34.05] [-40.19, -33.05]
7.727839e+08 [-40.23, -117.33] [-40.03, -116.33] [-39.83, -115.33]
8.022956e+08 [-40.73, 157.18] [-40.53, 158.18] [-40.33, 159.18]
8.329344e+08 [-40.84, 63.02] [-40.64, 64.02] [-40.44, 65.02]
8.647432e+08 [-40.26, -28.63] [-40.06, -27.63] [-39.86, -26.63]
8.977667e+08 [-40.95, -124.56] [-40.75, -123.56] [-40.55, -122.56]
9.320514e+08 [-41.12, 132.21] [-40.92, 133.21] [-40.72, 134.21]
9.676454e+08 [-41.06, 27.40] [-40.86, 28.40] [-40.66, 29.40]
1.004599e+09 [-40.87, -81.37] [-40.67, -80.37] [-40.47, -79.37]
1.042963e+09 [-41.25, 169.95] [-41.05, 170.95] [-40.85, 171.95]
1.082793e+09 [-41.60, 52.12] [-41.40, 53.12] [-41.20, 54.12]
1.124143e+09 [-41.73, -69.50] [-41.53, -68.50] [-41.33, -67.50]
1.167073e+09 [-41.96, 166.40] [-41.76, 167.40] [-41.56, 168.40]
1.211642e+09 [-41.98, 35.07] [-41.78, 36.07] [-41.58, 37.07]
1.257913e+09 [-41.84, -100.18] [-41.64, -99.18] [-41.44, -98.18]
1.305952e+09 [-41.87, 121.95] [-41.67, 122.95] [-41.47, 123.95]
1.355825e+09 [-42.36, -18.95] [-42.16, -17.95] [-41.96, -16.95]
1.407602e+09 [-41.50, -156.57] [-41.30, -155.57] [-41.10, -154.57]
1.461357e+09 [-39.18, 42.01] [-38.98, 43.01] [-38.78, 44.01]
1.517164e+09 [-38.94, -130.91] [-38.74, -129.91] [-38.54, -128.91]
1.575103e+09 [-40.21, 69.16] [-40.01, 70.16] [-39.81, 71.16]
1.635254e+09 [-35.76, -111.50] [-35.56, -110.50] [-35.36, -109.50]
1.697703e+09 [-36.38, 49.64] [-36.18, 50.64] [-35.98, 51.64]
1.762536e+09 [-38.20, -122.78] [-38.00, -121.78] [-37.80, -120.78]
1.829845e+09 [-36.13, 27.30] [-35.93, 28.30] [-35.73, 29.30]
1.899725e+09 [-31.82, 173.73] [-31.62, 174.73] [-31.42, 175.73]
1.972273e+09 [-32.48, -55.19] [-32.28, -54.19] [-32.08, -53.19]
2.047592e+09 [-32.75, 71.72] [-32.55, 72.72] [-32.35, 73.72]
2.125787e+09 [-33.22, -172.10] [-33.02, -171.10] [-32.82, -170.10]
2.206969e+09 [-35.58, -71.44] [-35.38, -70.44] [-35.18, -69.44]
2.291250e+09 [-35.57, 61.94] [-35.37, 62.94] [-35.17, 63.94]
2.378751e+09 [-35.91, 141.39] [-35.71, 142.39] [-35.51, 143.39]
2.469592e+09 [-43.73, -162.24] [-43.53, -161.24] [-43.33, -160.24]
2.563903e+09 [-38.32, 59.06] [-38.12, 60.06] [-37.92, 61.06]
2.661816e+09 [-33.28, 140.45] [-33.08, 141.45] [-32.88, 142.45]
2.763468e+09 [-38.68, 157.86] [-38.48, 158.86] [-38.28, 159.86]
2.869001e+09 [-34.19, -167.14] [-33.99, -166.14] [-33.79, -165.14]
2.978565e+09 [-32.87, -130.13] [-32.67, -129.13] [-32.47, -128.13]
3.092313e+09 [-37.79, -136.48] [-37.59, -135.48] [-37.39, -134.48]
3.210405e+09 [-32.52, -83.99] [-32.32, -82.99] [-32.12, -81.99]
3.333007e+09 [-32.31, -80.68] [-32.11, -79.68] [-31.91, -78.68]
3.460290e+09 [-31.64, -112.68] [-31.44, -111.68] [-31.24, -110.68]
3.592435e+09 [-26.51, -124.98] [-26.31, -123.98] [-26.11, -122.98]
3.729626e+09 [-18.50, 131.77] [-18.30, 132.77] [-18.10, 133.77]
3.872056e+09 [-20.28, 40.82] [-20.08, 41.82] [-19.88, 42.82]
4.019925e+09 [-37.13, -45.79] [-36.93, -44.79] [-36.73, -43.79]
4.173442e+09 [-24.44, -145.43] [-24.24, -144.43] [-24.04, -143.43]
4.332821e+09 [-42.15, 95.43] [-41.95, 96.43] [-41.75, 97.43]
4.498286e+09 [-24.09, -10.38] [-23.89, -9.38] [-23.69, -8.38]
4.670071e+09 [-22.23, 169.75] [-22.03, 170.75] [-21.83, 171.75]
4.848415e+09 [-25.73, -33.10] [-25.53, -32.10] [-25.33, -31.10]
5.033571e+09 [-25.75, 131.32] [-25.55, 132.32] [-25.35, 133.32]
5.225797e+09 [-29.03, -144.58] [-28.83, -143.58] [-28.63, -142.58]
5.425364e+09 [-33.72, -6.72] [-33.52, -5.72] [-33.32, -4.72]
5.632553e+09 [-40.08, 30.04] [-39.88, 31.04] [-39.68, 32.04]
5.847653e+09 [-42.67, 34.08] [-42.47, 35.08] [-42.27, 36.08]
6.070969e+09 [-35.08, 21.70] [-34.88, 22.70] [-34.68, 23.70]
6.302812e+09 [-35.72, 70.53] [-35.52, 71.53] [-35.32, 72.53]
6.543509e+09 [-27.38, 21.43] [-27.18, 22.43] [-26.98, 23.43]
6.793398e+09 [-25.19, -59.08] [-24.99, -58.08] [-24.79, -57.08]
7.052830e+09 [-28.47, -151.88] [-28.27, -150.88] [-28.07, -149.88]
7.322170e+09 [-29.24, 20.07] [-29.04, 21.07] [-28.84, 22.07]
7.601795e+09 [-33.83, -157.87] [-33.63, -156.87] [-33.43, -155.87]
7.892099e+09 [-27.04, -26.01] [-26.84, -25.01] [-26.64, -24.01]
8.193489e+09 [-23.59, 120.54] [-23.39, 121.54] [-23.19, 122.54]
8.506389e+09 [-21.82, 175.49] [-21.62, 176.49] [-21.42, 177.49]
8.831239e+09 [-21.21, -106.14] [-21.01, -105.14] [-20.81, -104.14]
9.168493e+09 [-30.54, 47.52] [-30.34, 48.52] [-30.14, 49.52]
9.518628e+09 [-22.83, -7.47] [-22.63, -6.47] [-22.43, -5.47]
9.882133e+09 [-18.85, -53.22] [-18.65, -52.22] [-18.45, -51.22]
1.025952e+10 [-16.00, 50.77] [-15.80, 51.77] [-15.60, 52.77]
1.065132e+10 [-14.48, -178.87] [-14.28, -177.87] [-14.08, -176.87]
1.105808e+10 [-10.92, 29.76] [-10.72, 30.76] [-10.52, 31.76]
1.148038e+10 [-19.24, 98.73] [-19.04, 99.73] [-18.84, 100.73]
1.191880e+10 [-25.29, 6.31] [-25.09, 7.31] [-24.89, 8.31]
1.237396e+10 [-31.46, 83.45] [-31.26, 84.45] [-31.06, 85.45]
1.284651e+10 [-26.19, 160.39] [-25.99, 161.39] [-25.79, 162.39]
1.333711e+10 [-28.11, -122.05] [-27.91, -121.05] [-27.71, -120.05]
1.384643e+10 [-28.14, -65.71] [-27.94, -64.71] [-27.74, -63.71]
1.437521e+10 [-29.65, -6.70] [-29.45, -5.70] [-29.25, -4.70]
1.492419e+10 [-30.41, -24.92] [-30.21, -23.92] [-30.01, -22.92]
1.549412e+10 [-31.21, -137.62] [-31.01, -136.62] [-30.81, -135.62]
1.608583e+10 [-35.45, 73.36] [-35.25, 74.36] [-35.05, 75.36]
1.670013e+10 [-27.90, -157.96] [-27.70, -156.96] [-27.50, -155.96]
1.733789e+10 [-34.90, -154.36] [-34.70, -153.36] [-34.50, -152.36]
1.800000e+10 [-20.96, -56.69] [-20.76, -55.69] [-20.56, -54.69]
