FUNIT: Hz
UNIT: dB
1.000000e+07 [-69.25, 86.82] [-69.05, 87.82] [-68.85, 88.82]
1.038189e+07 [-67.88, 62.96] [-67.68, 63.96] [-67.48, 64.96]
1.077836e+07 [-80.96, 71.23] [-80.76, 72.23] [-80.56, 73.23]
1.118997e+07 [-68.67, 80.77] [-68.47, 81.77] [-68.27, 82.77]
1.161731e+07 [-81.05, -176.55] [-80.85, -175.55] [-80.65, -174.55]
1.206096e+07 [-78.73, 52.47] [-78.53, 53.47] [-78.33, 54.47]
1.252155e+07 [-70.54, 17.24] [-70.34, 18.24] [-70.14, 19.24]
1.299974e+07 [-66.78, 43.39] [-66.58, 44.39] [-66.38, 45.39]
1.349618e+07 [-70.41, 38.62] [-70.21, 39.62] [-70.01, 40.62]
1.401158e+07 [-70.89, 54.88] [-70.69, 55.88] [-70.49, 56.88]
1.454667e+07 [-79.20, 72.86] [-79.00, 73.86] [-78.80, 74.86]
1.510219e+07 [-78.79, -38.47] [-78.59, -37.47] [-78.39, -36.47]
1.567893e+07 [-80.93, 37.84] [-80.73, 38.84] [-80.53, 39.84]
1.627769e+07 [-70.47, 19.71] [-70.27, 20.71] [-70.07, 21.71]
1.689931e+07 [-72.92, 47.63] [-72.72, 48.63] [-72.52, 49.63]
1.754468e+07 [-73.20, 31.64] [-73.00, 32.64] [-72.80, 33.64]
1.821469e+07 [-68.18, -1.09] [-67.98, -0.09] [-67.78, 0.91]
1.891029e+07 [-71.51, 21.21] [-71.31, 22.21] [-71.11, 23.21]
1.963245e+07 [-73.10, 32.12] [-72.90, 33.12] [-72.70, 34.12]
2.038219e+07 [-73.39, 12.52] [-73.19, 13.52] [-72.99, 14.52]
2.116056e+07 [-70.30, 17.62] [-70.10, 18.62] [-69.90, 19.62]
2.196866e+07 [-71.37, 32.36] [-71.17, 33.36] [-70.97, 34.36]
2.280762e+07 [-70.18, -0.99] [-69.98, 0.01] [-69.78, 1.01]
2.367862e+07 [-70.15, 11.55] [-69.95, 12.55] [-69.75, 13.55]
2.458288e+07 [-69.39, 32.93] [-69.19, 33.93] [-68.99, 34.93]
2.552167e+07 [-69.87, 17.55] [-69.67, 18.55] [-69.47, 19.55]
2.649631e+07 [-68.83, 15.34] [-68.63, 16.34] [-68.43, 17.34]
2.750818e+07 [-67.62, 5.45] [-67.42, 6.45] [-67.22, 7.45]
2.855868e+07 [-67.99, 6.22] [-67.79, 7.22] [-67.59, 8.22]
2.964930e+07 [-67.11, -3.68] [-66.91, -2.68] [-66.71, -1.68]
3.078158e+07 [-68.25, -7.47] [-68.05, -6.47] [-67.85, -5.47]
3.195709e+07 [-66.40, -11.91] [-66.20, -10.91] [-66.00, -9.91]
3.317750e+07 [-66.13, -6.32] [-65.93, -5.32] [-65.73, -4.32]
3.444451e+07 [-65.77, -10.83] [-65.57, -9.83] [-65.37, -8.83]
3.575990e+07 [-65.92, -18.47] [-65.72, -17.47] [-65.52, -16.47]
3.712553e+07 [-65.36, -23.13] [-65.16, -22.13] [-64.96, -21.13]
3.854331e+07 [-65.45, -21.31] [-65.25, -20.31] [-65.05, -19.31]
4.001524e+07 [-65.12, -27.87] [-64.92, -26.87] [-64.72, -25.87]
4.154338e+07 [-64.44, -37.27] [-64.24, -36.27] [-64.04, -35.27]
4.312987e+07 [-64.72, -28.70] [-64.52, -27.70] [-64.32, -26.70]
4.477695e+07 [-64.00, -43.91] [-63.80, -42.91] [-63.60, -41.91]
4.648693e+07 [-63.65, -49.90] [-63.45, -48.90] [-63.25, -47.90]
4.826221e+07 [-63.26, -54.03] [-63.06, -53.03] [-62.86, -52.03]
5.010529e+07 [-63.16, -56.75] [-62.96, -55.75] [-62.76, -54.75]
5.201875e+07 [-62.15, -60.41] [-61.95, -59.41] [-61.75, -58.41]
5.400529e+07 [-61.87, -68.55] [-61.67, -67.55] [-61.47, -66.55]
5.606769e+07 [-61.65, -77.85] [-61.45, -76.85] [-61.25, -75.85]
5.820885e+07 [-61.49, -85.91] [-61.29, -84.91] [-61.09, -83.91]
6.043178e+07 [-61.16, -88.63] [-60.96, -87.63] [-60.76, -86.63]
6.273960e+07 [-61.16, -95.48] [-60.96, -94.48] [-60.76, -93.48]
6.513556e+07 [-60.74, -104.51] [-60.54, -103.51] [-60.34, -102.51]
6.762301e+07 [-60.03, -111.11] [-59.83, -110.11] [-59.63, -109.11]
7.020545e+07 [-60.38, -120.18] [-60.18, -119.18] [-59.98, -118.18]
7.288652e+07 [-59.78, -126.39] [-59.58, -125.39] [-59.38, -124.39]
7.566997e+07 [-59.57, -136.71] [-59.37, -135.71] [-59.17, -134.71]
7.855972e+07 [-59.29, -143.24] [-59.09, -142.24] [-58.89, -141.24]
8.155983e+07 [-59.00, -152.53] [-58.80, -151.53] [-58.60, -150.53]
8.467450e+07 [-58.70, -162.57] [-58.50, -161.57] [-58.30, -160.57]
8.790813e+07 [-58.21, -170.22] [-58.01, -169.22] [-57.81, -168.22]
9.126524e+07 [-58.00, -179.65] [-57.80, -178.65] [-57.60, -177.65]
9.475055e+07 [-57.45, 170.99] [-57.25, 171.99] [-57.05, 172.99]
9.836897e+07 [-57.14, 161.59] [-56.94, 162.59] [-56.74, 163.59]
1.021256e+08 [-56.75, 149.16] [-56.55, 150.16] [-56.35, 151.16]
1.060256e+08 [-56.29, 137.50] [-56.09, 138.50] [-55.89, 139.50]
1.100746e+08 [-56.04, 125.27] [-55.84, 126.27] [-55.64, 127.27]
1.142782e+08 [-55.81, 112.00] [-55.61, 113.00] [-55.41, 114.00]
1.186424e+08 [-55.47, 99.13] [-55.27, 100.13] [-55.07, 101.13]
1.231732e+08 [-55.18, 84.65] [-54.98, 85.65] [-54.78, 86.65]
1.278771e+08 [-55.10, 71.34] [-54.90, 72.34] [-54.70, 73.34]
1.327605e+08 [-54.89, 56.44] [-54.69, 57.44] [-54.49, 58.44]
1.378305e+08 [-54.57, 42.41] [-54.37, 43.41] [-54.17, 44.41]
1.430941e+08 [-54.25, 28.37] [-54.05, 29.37] [-53.85, 30.37]
1.485587e+08 [-53.81, 12.37] [-53.61, 13.37] [-53.41, 14.37]
1.542320e+08 [-53.35, -3.89] [-53.15, -2.89] [-52.95, -1.89]
1.601219e+08 [-53.00, -21.88] [-52.80, -20.88] [-52.60, -19.88]
1.662368e+08 [-52.64, -39.96] [-52.44, -38.96] [-52.24, -37.96]
1.725852e+08 [-52.37, -59.14] [-52.17, -58.14] [-51.97, -57.14]
1.791760e+08 [-52.16, -78.88] [-51.96, -77.88] [-51.76, -76.88]
1.860186e+08 [-51.92, -98.88] [-51.72, -97.88] [-51.52, -96.88]
1.931224e+08 [-51.66, -119.31] [-51.46, -118.31] [-51.26, -117.31]
2.004975e+08 [-51.34, -140.36] [-51.14, -139.36] [-50.94, -138.36]
2.081543e+08 [-51.01, -163.01] [-50.81, -162.01] [-50.61, -161.01]
2.161035e+08 [-50.62, 173.69] [-50.42, 174.69] [-50.22, 175.69]
2.243562e+08 [-50.28, 149.38] [-50.08, 150.38] [-49.88, 151.38]
2.329241e+08 [-49.98, 124.05] [-49.78, 125.05] [-49.58, 126.05]
2.418192e+08 [-49.76, 97.87] [-49.56, 98.87] [-49.36, 99.87]
2.510540e+08 [-49.47, 70.76] [-49.27, 71.76] [-49.07, 72.76]
2.606415e+08 [-49.12, 42.61] [-48.92, 43.61] [-48.72, 44.61]
2.705951e+08 [-48.86, 13.55] [-48.66, 14.55] [-48.46, 15.55]
2.809288e+08 [-48.57, -16.54] [-48.37, -15.54] [-48.17, -14.54]
2.916571e+08 [-48.25, -47.76] [-48.05, -46.76] [-47.85, -45.76]
3.027952e+08 [-47.91, -80.95] [-47.71, -79.95] [-47.51, -78.95]
3.143586e+08 [-47.65, -115.03] [-47.45, -114.03] [-47.25, -113.03]
3.263636e+08 [-47.47, -150.29] [-47.27, -149.29] [-47.07, -148.29]
3.388271e+08 [-47.18, 174.04] [-46.98, 175.04] [-46.78, 176.04]
3.517665e+08 [-46.77, 136.27] [-46.57, 137.27] [-46.37, 138.27]
3.652000e+08 [-46.43, 95.82] [-46.23, 96.82] [-46.03, 97.82]
3.791466e+08 [-46.36, 54.66] [-46.16, 55.66] [-45.96, 56.66]
3.936258e+08 [-46.12, 13.70] [-45.92, 14.70] [-45.72, 15.70]
4.086579e+08 [-45.63, -30.21] [-45.43, -29.21] [-45.23, -28.21]
4.242641e+08 [-45.38, -77.72] [-45.18, -76.72] [-44.98, -75.72]
4.404662e+08 [-45.40, -124.52] [-45.20, -123.52] [-45.00, -122.52]
4.572871e+08 [-44.95, -172.07] [-44.75, -171.07] [-44.55, -170.07]
4.747504e+08 [-44.51, 134.89] [-44.31, 135.89] [-44.11, 136.89]
4.928806e+08 [-44.60, 81.67] [-44.40, 82.67] [-44.20, 83.67]
5.117031e+08 [-44.21, 28.43] [-44.01, 29.43] [-43.81, 30.43]
5.312445e+08 [-43.86, -30.58] [-43.66, -29.58] [-43.46, -28.58]
5.515321e+08 [-43.90, -89.36] [-43.70, -88.36] [-43.50, -87.36]
5.725945e+08 [-43.46, -150.29] [-43.26, -149.29] [-43.06, -148.29]
5.944612e+08 [-43.35, 144.61] [-43.15, 145.61] [-42.95, 146.61]
6.171630e+08 [-43.11, 79.39] [-42.91, 80.39] [-42.71, 81.39]
6.407317e+08 [-42.90, 9.28] [-42.70, 10.28] [-42.50, 11.28]
6.652006e+08 [-42.71, -61.27] [-42.51, -60.27] [-42.31, -59.27]
6.906038e+08 [-42.58, -136.43] [-42.38, -135.43] [-42.18, -134.43]
7.169772e+08 [-42.33, 147.96] [-42.13, 148.96] [-41.93, 149.96]
7.443577e+08 [-42.29, 66.07] [-42.09, 67.07] [-41.89, 68.07]
7.727839e+08 [-41.94, -14.51] [-41.74, -13.51] [-41.54, -12.51]
8.022956e+08 [-42.12, -102.89] [-41.92, -101.89] [-41.72, -100.89]
8.329344e+08 [-41.55, 169.53] [-41.35, 170.53] [-41.15, 171.53]
8.647432e+08 [-41.99, 76.33] [-41.79, 77.33] [-41.59, 78.33]
8.977667e+08 [-41.36, -21.26] [-41.16, -20.26] [-40.96, -19.26]
9.320514e+08 [-41.62, -117.93] [-41.42, -116.93] [-41.22, -115.93]
9.676454e+08 [-41.66, 135.02] [-41.46, 136.02] [-41.26, 137.02]
1.004599e+09 [-41.18, 29.52] [-40.98, 30.52] [-40.78, 31.52]
1.042963e+09 [-41.54, -80.80] [-41.34, -79.80] [-41.14, -78.80]
1.082793e+09 [-41.44, 161.22] [-41.24, 162.22] [-41.04, 163.22]
1.124143e+09 [-41.25, 42.38] [-41.05, 43.38] [-40.85, 44.38]
1.167073e+09 [-41.55, -80.50] [-41.35, -79.50] [-41.15, -78.50]
1.211642e+09 [-41.74, 148.61] [-41.54, 149.61] [-41.34, 150.61]
1.257913e+09 [-41.52, 13.12] [-41.32, 14.12] [-41.12, 15.12]
1.305952e+09 [-41.31, -124.45] [-41.11, -123.45] [-40.91, -122.45]
1.355825e+09 [-41.27, 94.13] [-41.07, 95.13] [-40.87, 96.13]
1.407602e+09 [-41.48, -53.52] [-41.28, -52.52] [-41.08, -51.52]
1.461357e+09 [-41.68, 152.91] [-41.48, 153.91] [-41.28, 154.91]
1.517164e+09 [-41.85, -7.50] [-41.65, -6.50] [-41.45, -5.50]
1.575103e+09 [-41.97, -173.79] [-41.77, -172.79] [-41.57, -171.79]
1.635254e+09 [-41.99, 13.08] [-41.79, 14.08] [-41.59, 15.08]
1.697703e+09 [-42.07, -166.17] [-41.87, -165.17] [-41.67, -164.17]
1.762536e+09 [-42.07, 7.77] [-41.87, 8.77] [-41.67, 9.77]
1.829845e+09 [-42.17, 173.90] [-41.97, 174.90] [-41.77, 175.90]
1.899725e+09 [-42.50, -25.20] [-42.30, -24.20] [-42.10, -23.20]
1.972273e+09 [-42.23, 129.67] [-42.03, 130.67] [-41.83, 131.67]
2.047592e+09 [-41.93, -88.24] [-41.73, -87.24] [-41.53, -86.24]
2.125787e+09 [-42.10, 48.33] [-41.90, 49.33] [-41.70, 50.33]
2.206969e+09 [-41.97, 174.40] [-41.77, 175.40] [-41.57, 176.40]
2.291250e+09 [-41.87, -65.42] [-41.67, -64.42] [-41.47, -63.42]
2.378751e+09 [-42.24, 40.66] [-42.04, 41.66] [-41.84, 42.66]
2.469592e+09 [-41.75, 141.35] [-41.55, 142.35] [-41.35, 143.35]
2.563903e+09 [-42.49, -127.47] [-42.29, -126.47] [-42.09, -125.47]
2.661816e+09 [-42.50, -52.57] [-42.30, -51.57] [-42.10, -50.57]
2.763468e+09 [-42.15, 18.93] [-41.95, 19.93] [-41.75, 20.93]
2.869001e+09 [-42.39, 82.00] [-42.19, 83.00] [-41.99, 84.00]
2.978565e+09 [-42.72, 131.71] [-42.52, 132.71] [-42.32, 133.71]
3.092313e+09 [-42.90, 168.65] [-42.70, 169.65] [-42.50, 170.65]
3.210405e+09 [-42.81, -167.84] [-42.61, -166.84] [-42.41, -165.84]
3.333007e+09 [-42.46, -157.78] [-42.26, -156.78] [-42.06, -155.78]
3.460290e+09 [-42.32, -163.59] [-42.12, -162.59] [-41.92, -161.59]
3.592435e+09 [-42.83, 178.58] [-42.63, 179.58] [-42.43, 180.58]
3.729626e+09 [-43.08, 152.21] [-42.88, 153.21] [-42.68, 154.21]
3.872056e+09 [-42.65, 106.48] [-42.45, 107.48] [-42.25, 108.48]
4.019925e+09 [-43.28, 57.04] [-43.08, 58.04] [-42.88, 59.04]
4.173442e+09 [-42.17, -18.19] [-41.97, -17.19] [-41.77, -16.19]
4.332821e+09 [-39.48, -100.06] [-39.28, -99.06] [-39.08, -98.06]
4.498286e+09 [-37.12, 154.00] [-36.92, 155.00] [-36.72, 156.00]
4.670071e+09 [-34.51, 19.19] [-34.31, 20.19] [-34.11, 21.19]
4.848415e+09 [-32.07, -141.30] [-31.87, -140.30] [-31.67, -139.30]
5.033571e+09 [-30.34, 33.48] [-30.14, 34.48] [-29.94, 35.48]
5.225797e+09 [-29.64, -165.43] [-29.44, -164.43] [-29.24, -163.43]
5.425364e+09 [-27.98, -33.50] [-27.78, -32.50] [-27.58, -31.50]
5.632553e+09 [-27.38, 86.37] [-27.18, 87.37] [-26.98, 88.37]
5.847653e+09 [-28.35, 169.96] [-28.15, 170.96] [-27.95, 171.96]
6.070969e+09 [-28.20, -129.36] [-28.00, -128.36] [-27.80, -127.36]
6.302812e+09 [-29.12, -87.62] [-28.92, -86.62] [-28.72, -85.62]
6.543509e+09 [-29.25, -49.22] [-29.05, -48.22] [-28.85, -47.22]
6.793398e+09 [-27.45, -72.06] [-27.25, -71.06] [-27.05, -70.06]
7.052830e+09 [-34.96, -103.17] [-34.76, -102.17] [-34.56, -101.17]
7.322170e+09 [-34.94, -177.20] [-34.74, -176.20] [-34.54, -175.20]
7.601795e+09 [-32.62, 108.50] [-32.42, 109.50] [-32.22, 110.50]
7.892099e+09 [-41.23, 10.30] [-41.03, 11.30] [-40.83, 12.30]
8.193489e+09 [-32.59, -139.26] [-32.39, -138.26] [-32.19, -137.26]
8.506389e+09 [-38.11, 22.36] [-37.91, 23.36] [-37.71, 24.36]
8.831239e+09 [-43.29, 117.99] [-43.09, 118.99] [-42.89, 119.99]
9.168493e+09 [-39.27, -13.88] [-39.07, -12.88] [-38.87, -11.88]
9.518628e+09 [-34.20, 16.26] [-34.00, 17.26] [-33.80, 18.26]
9.882133e+09 [-39.65, 15.15] [-39.45, 16.15] [-39.25, 17.15]
1.025952e+10 [-59.37, 69.30] [-59.17, 70.30] [-58.97, 71.30]
1.065132e+10 [-57.35, 23.92] [-57.15, 24.92] [-56.95, 25.92]
1.105808e+10 [-45.10, 7.07] [-44.90, 8.07] [-44.70, 9.07]
1.148038e+10 [-42.52, -132.59] [-42.32, -131.59] [-42.12, -130.59]
1.191880e+10 [-48.34, -31.84] [-48.14, -30.84] [-47.94, -29.84]
1.237396e+10 [-38.79, -172.18] [-38.59, -171.18] [-38.39, -170.18]
1.284651e+10 [-37.96, -100.06] [-37.76, -99.06] [-37.56, -98.06]
1.333711e+10 [-37.07, -105.04] [-36.87, -104.04] [-36.67, -103.04]
1.384643e+10 [-38.01, -113.74] [-37.81, -112.74] [-37.61, -111.74]
1.437521e+10 [-41.97, 157.91] [-41.77, 158.91] [-41.57, 159.91]
1.492419e+10 [-36.26, -166.04] [-36.06, -165.04] [-35.86, -164.04]
1.549412e+10 [-36.14, -138.46] [-35.94, -137.46] [-35.74, -136.46]
1.608583e+10 [-38.23, -29.33] [-38.03, -28.33] [-37.83, -27.33]
1.670013e+10 [-41.28, -34.14] [-41.08, -33.14] [-40.88, -32.14]
1.733789e+10 [-38.48, -65.49] [-38.28, -64.49] [-38.08, -63.49]
1.800000e+10 [-43.39, -143.18] [-43.19, -142.18] [-42.99, -141.18]
