FUNIT: Hz
UNIT: dB
0 [0, 0] [0, 0] [0, 0]
1.000000e+07 [-0.53, -48.72] [-0.33, -47.72] [-0.13, -46.72]
1.038189e+07 [0.16, -49.90] [0.36, -48.90] [0.56, -47.90]
1.077836e+07 [-0.27, -54.99] [-0.07, -53.99] [0.13, -52.99]
1.118997e+07 [0.06, -54.78] [0.26, -53.78] [0.46, -52.78]
1.161731e+07 [-0.04, -57.96] [0.16, -56.96] [0.36, -55.96]
1.206096e+07 [-0.61, -56.76] [-0.41, -55.76] [-0.21, -54.76]
1.252155e+07 [-0.37, -59.59] [-0.17, -58.59] [0.03, -57.59]
1.299974e+07 [-0.16, -64.37] [0.04, -63.37] [0.24, -62.37]
1.349618e+07 [-0.32, -66.16] [-0.12, -65.16] [0.08, -64.16]
1.401158e+07 [-0.27, -68.65] [-0.07, -67.65] [0.13, -66.65]
1.454667e+07 [-0.17, -69.20] [0.03, -68.20] [0.23, -67.20]
1.510219e+07 [-0.18, -73.45] [0.02, -72.45] [0.22, -71.45]
1.567893e+07 [-0.50, -75.58] [-0.30, -74.58] [-0.10, -73.58]
1.627769e+07 [-0.30, -79.96] [-0.10, -78.96] [0.10, -77.96]
1.689931e+07 [-0.28, -82.99] [-0.08, -81.99] [0.12, -80.99]
1.754468e+07 [-0.41, -85.79] [-0.21, -84.79] [-0.01, -83.79]
1.821469e+07 [-0.57, -89.73] [-0.37, -88.73] [-0.17, -87.73]
1.891029e+07 [-0.32, -91.90] [-0.12, -90.90] [0.08, -89.90]
1.963245e+07 [-0.32, -94.11] [-0.12, -93.11] [0.08, -92.11]
2.038219e+07 [-0.27, -98.40] [-0.07, -97.40] [0.13, -96.40]
2.116056e+07 [-0.35, -101.19] [-0.15, -100.19] [0.05, -99.19]
2.196866e+07 [-0.30, -105.12] [-0.10, -104.12] [0.10, -103.12]
2.280762e+07 [-0.44, -109.04] [-0.24, -108.04] [-0.04, -107.04]
2.367862e+07 [-0.29, -114.39] [-0.09, -113.39] [0.11, -112.39]
2.458288e+07 [-0.52, -117.49] [-0.32, -116.49] [-0.12, -115.49]
2.552167e+07 [-0.27, -121.68] [-0.07, -120.68] [0.13, -119.68]
2.649631e+07 [-0.36, -126.29] [-0.16, -125.29] [0.04, -124.29]
2.750818e+07 [-0.41, -130.02] [-0.21, -129.02] [-0.01, -128.02]
2.855868e+07 [-0.28, -137.04] [-0.08, -136.04] [0.12, -135.04]
2.964930e+07 [-0.14, -140.90] [0.06, -139.90] [0.26, -138.90]
3.078158e+07 [-0.42, -147.23] [-0.22, -146.23] [-0.02, -145.23]
3.195709e+07 [-0.37, -152.28] [-0.17, -151.28] [0.03, -150.28]
3.317750e+07 [-0.23, -158.33] [-0.03, -157.33] [0.17, -156.33]
3.444451e+07 [-0.23, -163.41] [-0.03, -162.41] [0.17, -161.41]
3.575990e+07 [-0.44, -170.70] [-0.24, -169.70] [-0.04, -168.70]
3.712553e+07 [-0.48, -176.00] [-0.28, -175.00] [-0.08, -174.00]
3.854331e+07 [-0.53, 177.14] [-0.33, 178.14] [-0.13, 179.14]
4.001524e+07 [-0.32, 169.26] [-0.12, 170.26] [0.08, 171.26]
4.154338e+07 [-0.51, 162.04] [-0.31, 163.04] [-0.11, 164.04]
4.312987e+07 [-0.42, 155.62] [-0.22, 156.62] [-0.02, 157.62]
4.477695e+07 [-0.51, 147.32] [-0.31, 148.32] [-0.11, 149.32]
4.648693e+07 [-0.37, 139.02] [-0.17, 140.02] [0.03, 141.02]
4.826221e+07 [-0.52, 129.85] [-0.32, 130.85] [-0.12, 131.85]
5.010529e+07 [-0.37, 121.97] [-0.17, 122.97] [0.03, 123.97]
5.201875e+07 [-0.35, 112.76] [-0.15, 113.76] [0.05, 114.76]
5.400529e+07 [-0.48, 103.83] [-0.28, 104.83] [-0.08, 105.83]
5.606769e+07 [-0.45, 93.73] [-0.25, 94.73] [-0.05, 95.73]
5.820885e+07 [-0.48, 83.12] [-0.28, 84.12] [-0.08, 85.12]
6.043178e+07 [-0.39, 73.07] [-0.19, 74.07] [0.01, 75.07]
6.273960e+07 [-0.55, 62.58] [-0.35, 63.58] [-0.15, 64.58]
6.513556e+07 [-0.55, 51.41] [-0.35, 52.41] [-0.15, 53.41]
6.762301e+07 [-0.42, 40.05] [-0.22, 41.05] [-0.02, 42.05]
7.020545e+07 [-0.53, 27.27] [-0.33, 28.27] [-0.13, 29.27]
7.288652e+07 [-0.45, 14.38] [-0.25, 15.38] [-0.05, 16.38]
7.566997e+07 [-0.52, 1.66] [-0.32, 2.66] [-0.12, 3.66]
7.855972e+07 [-0.57, -12.08] [-0.37, -11.08] [-0.17, -10.08]
8.155983e+07 [-0.47, -26.51] [-0.27, -25.51] [-0.07, -24.51]
8.467450e+07 [-0.47, -40.96] [-0.27, -39.96] [-0.07, -38.96]
8.790813e+07 [-0.52, -56.09] [-0.32, -55.09] [-0.12, -54.09]
9.126524e+07 [-0.58, -71.61] [-0.38, -70.61] [-0.18, -69.61]
9.475055e+07 [-0.51, -88.10] [-0.31, -87.10] [-0.11, -86.10]
9.836897e+07 [-0.54, -105.07] [-0.34, -104.07] [-0.14, -103.07]
1.021256e+08 [-0.56, -122.90] [-0.36, -121.90] [-0.16, -120.90]
1.060256e+08 [-0.56, -141.39] [-0.36, -140.39] [-0.16, -139.39]
1.100746e+08 [-0.57, -160.15] [-0.37, -159.15] [-0.17, -158.15]
1.142782e+08 [-0.57, -180.07] [-0.37, -179.07] [-0.17, -178.07]
1.186424e+08 [-0.57, 159.40] [-0.37, 160.40] [-0.17, 161.40]
1.231732e+08 [-0.58, 138.11] [-0.38, 139.11] [-0.18, 140.11]
1.278771e+08 [-0.65, 116.04] [-0.45, 117.04] [-0.25, 118.04]
1.327605e+08 [-0.59, 92.94] [-0.39, 93.94] [-0.19, 94.94]
1.378305e+08 [-0.63, 68.92] [-0.43, 69.92] [-0.23, 70.92]
1.430941e+08 [-0.63, 44.51] [-0.43, 45.51] [-0.23, 46.51]
1.485587e+08 [-0.63, 18.75] [-0.43, 19.75] [-0.23, 20.75]
1.542320e+08 [-0.61, -8.10] [-0.41, -7.10] [-0.21, -6.10]
1.601219e+08 [-0.65, -35.81] [-0.45, -34.81] [-0.25, -33.81]
1.662368e+08 [-0.64, -64.52] [-0.44, -63.52] [-0.24, -62.52]
1.725852e+08 [-0.66, -94.25] [-0.46, -93.25] [-0.26, -92.25]
1.791760e+08 [-0.68, -125.43] [-0.48, -124.43] [-0.28, -123.43]
1.860186e+08 [-0.67, -157.60] [-0.47, -156.60] [-0.27, -155.60]
1.931224e+08 [-0.69, 169.03] [-0.49, 170.03] [-0.29, 171.03]
2.004975e+08 [-0.71, 134.28] [-0.51, 135.28] [-0.31, 136.28]
2.081543e+08 [-0.72, 98.26] [-0.52, 99.26] [-0.32, 100.26]
2.161035e+08 [-0.72, 60.94] [-0.52, 61.94] [-0.32, 62.94]
2.243562e+08 [-0.74, 22.02] [-0.54, 23.02] [-0.34, 24.02]
2.329241e+08 [-0.72, -18.14] [-0.52, -17.14] [-0.32, -16.14]
2.418192e+08 [-0.76, -60.07] [-0.56, -59.07] [-0.36, -58.07]
2.510540e+08 [-0.78, -103.50] [-0.58, -102.50] [-0.38, -101.50]
2.606415e+08 [-0.76, -148.64] [-0.56, -147.64] [-0.36, -146.64]
2.705951e+08 [-0.79, 164.63] [-0.59, 165.63] [-0.39, 166.63]
2.809288e+08 [-0.79, 116.02] [-0.59, 117.02] [-0.39, 118.02]
2.916571e+08 [-0.83, 65.57] [-0.63, 66.57] [-0.43, 67.57]
3.027952e+08 [-0.83, 13.14] [-0.63, 14.14] [-0.43, 15.14]
3.143586e+08 [-0.83, -41.10] [-0.63, -40.10] [-0.43, -39.10]
3.263636e+08 [-0.85, -97.67] [-0.65, -96.67] [-0.45, -95.67]
3.388271e+08 [-0.86, -156.30] [-0.66, -155.30] [-0.46, -154.30]
3.517665e+08 [-0.90, 142.93] [-0.70, 143.93] [-0.50, 144.93]
3.652000e+08 [-0.90, 79.90] [-0.70, 80.90] [-0.50, 81.90]
3.791466e+08 [-0.91, 14.42] [-0.71, 15.42] [-0.51, 16.42]
3.936258e+08 [-0.92, -53.75] [-0.72, -52.75] [-0.52, -51.75]
4.086579e+08 [-0.94, -124.47] [-0.74, -123.47] [-0.54, -122.47]
4.242641e+08 [-0.96, 162.22] [-0.76, 163.22] [-0.56, 164.22]
4.404662e+08 [-0.96, 86.14] [-0.76, 87.14] [-0.56, 88.14]
4.572871e+08 [-1.00, 7.01] [-0.80, 8.01] [-0.60, 9.01]
4.747504e+08 [-0.99, -75.08] [-0.79, -74.08] [-0.59, -73.08]
4.928806e+08 [-1.02, -160.24] [-0.82, -159.24] [-0.62, -158.24]
5.117031e+08 [-1.05, 111.30] [-0.85, 112.30] [-0.65, 113.30]
5.312445e+08 [-1.06, 19.57] [-0.86, 20.57] [-0.66, 21.57]
5.515321e+08 [-1.07, -75.91] [-0.87, -74.91] [-0.67, -73.91]
5.725945e+08 [-1.10, -174.86] [-0.90, -173.86] [-0.70, -172.86]
5.944612e+08 [-1.10, 82.36] [-0.90, 83.36] [-0.70, 84.36]
6.171630e+08 [-1.13, -24.34] [-0.93, -23.34] [-0.73, -22.34]
6.407317e+08 [-1.14, -135.14] [-0.94, -134.14] [-0.74, -133.14]
6.652006e+08 [-1.17, 109.86] [-0.97, 110.86] [-0.77, 111.86]
6.906038e+08 [-1.18, -9.40] [-0.98, -8.40] [-0.78, -7.40]
7.169772e+08 [-1.22, -133.39] [-1.02, -132.39] [-0.82, -131.39]
7.443577e+08 [-1.22, 98.08] [-1.02, 99.08] [-0.82, 100.08]
7.727839e+08 [-1.25, -35.54] [-1.05, -34.54] [-0.85, -33.54]
8.022956e+08 [-1.26, -174.21] [-1.06, -173.21] [-0.86, -172.21]
8.329344e+08 [-1.29, 41.83] [-1.09, 42.83] [-0.89, 43.83]
8.647432e+08 [-1.32, -107.66] [-1.12, -106.66] [-0.92, -105.66]
8.977667e+08 [-1.35, 97.42] [-1.15, 98.42] [-0.95, 99.42]
9.320514e+08 [-1.36, -63.80] [-1.16, -62.80] [-0.96, -61.80]
9.676454e+08 [-1.38, 128.97] [-1.18, 129.97] [-0.98, 130.97]
1.004599e+09 [-1.41, -44.64] [-1.21, -43.64] [-1.01, -42.64]
1.042963e+09 [-1.44, 135.18] [-1.24, 136.18] [-1.04, 137.18]
1.082793e+09 [-1.47, -51.97] [-1.27, -50.97] [-1.07, -49.97]
1.124143e+09 [-1.48, 113.78] [-1.28, 114.78] [-1.08, 115.78]
1.167073e+09 [-1.51, -87.84] [-1.31, -86.84] [-1.11, -85.84]
1.211642e+09 [-1.53, 62.73] [-1.33, 63.73] [-1.13, 64.73]
1.257913e+09 [-1.57, -154.48] [-1.37, -153.48] [-1.17, -152.48]
1.305952e+09 [-1.60, -20.26] [-1.40, -19.26] [-1.20, -18.26]
1.355825e+09 [-1.61, 105.46] [-1.41, 106.46] [-1.21, 107.46]
1.407602e+09 [-1.66, -137.64] [-1.46, -136.64] [-1.26, -135.64]
1.461357e+09 [-1.68, -30.21] [-1.48, -29.21] [-1.28, -28.21]
1.517164e+09 [-1.71, 67.66] [-1.51, 68.66] [-1.31, 69.66]
1.575103e+09 [-1.73, 155.57] [-1.53, 156.57] [-1.33, 157.57]
1.635254e+09 [-1.77, -126.95] [-1.57, -125.95] [-1.37, -124.95]
1.697703e+09 [-1.79, -60.36] [-1.59, -59.36] [-1.39, -58.36]
1.762536e+09 [-1.85, -4.93] [-1.65, -3.93] [-1.45, -2.93]
1.829845e+09 [-1.85, 39.01] [-1.65, 40.01] [-1.45, 41.01]
1.899725e+09 [-1.91, 70.76] [-1.71, 71.76] [-1.51, 72.76]
1.972273e+09 [-1.92, 90.02] [-1.72, 91.02] [-1.52, 92.02]
2.047592e+09 [-1.97, 96.25] [-1.77, 97.25] [-1.57, 98.25]
2.125787e+09 [-2.01, 88.96] [-1.81, 89.96] [-1.61, 90.96]
2.206969e+09 [-2.01, 67.79] [-1.81, 68.79] [-1.61, 69.79]
2.291250e+09 [-2.09, 32.04] [-1.89, 33.04] [-1.69, 34.04]
2.378751e+09 [-2.11, -19.06] [-1.91, -18.06] [-1.71, -17.06]
2.469592e+09 [-2.13, -85.69] [-1.93, -84.69] [-1.73, -83.69]
2.563903e+09 [-2.16, -167.95] [-1.96, -166.95] [-1.76, -165.95]
2.661816e+09 [-2.22, 91.72] [-2.02, 92.72] [-1.82, 93.72]
2.763468e+09 [-2.26, -25.73] [-2.06, -24.73] [-1.86, -23.73]
2.869001e+09 [-2.31, -161.19] [-2.11, -160.19] [-1.91, -159.19]
2.978565e+09 [-2.35, 44.12] [-2.15, 45.12] [-1.95, 46.12]
3.092313e+09 [-2.41, -130.05] [-2.21, -129.05] [-2.01, -128.05]
3.210405e+09 [-2.45, 35.16] [-2.25, 36.16] [-2.05, 37.16]
3.333007e+09 [-2.48, -180.32] [-2.28, -179.32] [-2.08, -178.32]
3.460290e+09 [-2.51, -58.28] [-2.31, -57.28] [-2.11, -56.28]
3.592435e+09 [-2.61, 41.09] [-2.41, 42.09] [-2.21, 43.09]
3.729626e+09 [-2.64, 116.46] [-2.44, 117.46] [-2.24, 118.46]
3.872056e+09 [-2.69, 168.01] [-2.49, 169.01] [-2.29, 170.01]
4.019925e+09 [-2.76, -166.31] [-2.56, -165.31] [-2.36, -164.31]
4.173442e+09 [-2.81, -167.38] [-2.61, -166.38] [-2.41, -165.38]
4.332821e+09 [-2.88, 164.22] [-2.68, 165.22] [-2.48, 166.22]
4.498286e+09 [-2.92, 107.03] [-2.72, 108.03] [-2.52, 109.03]
4.670071e+09 [-3.02, 20.29] [-2.82, 21.29] [-2.62, 22.29]
4.848415e+09 [-3.07, -96.91] [-2.87, -95.91] [-2.67, -94.91]
5.033571e+09 [-3.16, 113.54] [-2.96, 114.54] [-2.76, 115.54]
5.225797e+09 [-3.19, -69.07] [-2.99, -68.07] [-2.79, -67.07]
5.425364e+09 [-3.29, 74.19] [-3.09, 75.19] [-2.89, 76.19]
5.632553e+09 [-3.36, -178.90] [-3.16, -177.90] [-2.96, -176.90]
5.847653e+09 [-3.41, -109.08] [-3.21, -108.08] [-3.01, -107.08]
6.070969e+09 [-3.50, -77.90] [-3.30, -76.90] [-3.10, -75.90]
6.302812e+09 [-3.65, -86.65] [-3.45, -85.65] [-3.25, -84.65]
6.543509e+09 [-3.69, -137.19] [-3.49, -136.19] [-3.29, -135.19]
6.793398e+09 [-3.82, 129.54] [-3.62, 130.54] [-3.42, 131.54]
7.052830e+09 [-3.92, -8.42] [-3.72, -7.42] [-3.52, -6.42]
7.322170e+09 [-4.07, 166.27] [-3.87, 167.27] [-3.67, 168.27]
7.601795e+09 [-4.24, -65.89] [-4.04, -64.89] [-3.84, -63.89]
7.892099e+09 [-4.20, 11.60] [-4.00, 12.60] [-3.80, 13.60]
8.193489e+09 [-4.19, 36.30] [-3.99, 37.30] [-3.79, 38.30]
8.506389e+09 [-4.55, 6.51] [-4.35, 7.51] [-4.15, 8.51]
8.831239e+09 [-4.50, -78.70] [-4.30, -77.70] [-4.10, -76.70]
9.168493e+09 [-4.60, 135.96] [-4.40, 136.96] [-4.20, 137.96]
9.518628e+09 [-4.98, -66.02] [-4.78, -65.02] [-4.58, -64.02]
9.882133e+09 [-4.94, 26.54] [-4.74, 27.54] [-4.54, 28.54]
1.025952e+10 [-4.92, 52.92] [-4.72, 53.92] [-4.52, 54.92]
1.065132e+10 [-5.56, 14.77] [-5.36, 15.77] [-5.16, 16.77]
1.105808e+10 [-5.12, -94.35] [-4.92, -93.35] [-4.72, -92.35]
1.148038e+10 [-5.25, 84.96] [-5.05, 85.96] [-4.85, 86.96]
1.191880e+10 [-5.66, -173.26] [-5.46, -172.26] [-5.26, -171.26]
1.237396e+10 [-5.59, -153.57] [-5.39, -152.57] [-5.19, -151.57]
1.284651e+10 [-5.48, 148.36] [-5.28, 149.36] [-5.08, 150.36]
1.333711e+10 [-5.49, 4.50] [-5.29, 5.50] [-5.09, 6.50]
1.384643e+10 [-5.67, 131.23] [-5.47, 132.23] [-5.27, 133.23]
1.437521e+10 [-5.92, 168.46] [-5.72, 169.46] [-5.52, 170.46]
1.492419e+10 [-5.85, 107.14] [-5.65, 108.14] [-5.45, 109.14]
1.549412e+10 [-5.97, -50.59] [-5.77, -49.59] [-5.57, -48.59]
1.608583e+10 [-6.10, 49.41] [-5.90, 50.41] [-5.70, 51.41]
1.670013e+10 [-6.40, 42.98] [-6.20, 43.98] [-6.00, 44.98]
1.733789e+10 [-7.42, -72.91] [-7.22, -71.91] [-7.02, -70.91]
1.800000e+10 [-7.56, 53.84] [-7.36, 54.84] [-7.16, 55.84]
