FUNIT: Hz
UNIT: dB
0 [0, 0] [0, 0] [0, 0]
1.000000e+07 [-0.48, -47.87] [-0.28, -46.87] [-0.08, -45.87]
1.038189e+07 [0.17, -49.08] [0.37, -48.08] [0.57, -47.08]
1.077836e+07 [-0.29, -53.93] [-0.09, -52.93] [0.11, -51.93]
1.118997e+07 [0.06, -53.65] [0.26, -52.65] [0.46, -51.65]
1.161731e+07 [-0.02, -57.03] [0.18, -56.03] [0.38, -55.03]
1.206096e+07 [-0.59, -55.75] [-0.39, -54.75] [-0.19, -53.75]
1.252155e+07 [-0.38, -58.44] [-0.18, -57.44] [0.02, -56.44]
1.299974e+07 [-0.15, -63.00] [0.05, -62.00] [0.25, -61.00]
1.349618e+07 [-0.29, -64.93] [-0.09, -63.93] [0.11, -62.93]
1.401158e+07 [-0.27, -67.37] [-0.07, -66.37] [0.13, -65.37]
1.454667e+07 [-0.14, -68.03] [0.06, -67.03] [0.26, -66.03]
1.510219e+07 [-0.18, -72.10] [0.02, -71.10] [0.22, -70.10]
1.567893e+07 [-0.55, -74.01] [-0.35, -73.01] [-0.15, -72.01]
1.627769e+07 [-0.32, -78.28] [-0.12, -77.28] [0.08, -76.28]
1.689931e+07 [-0.28, -81.50] [-0.08, -80.50] [0.12, -79.50]
1.754468e+07 [-0.42, -83.95] [-0.22, -82.95] [-0.02, -81.95]
1.821469e+07 [-0.57, -88.10] [-0.37, -87.10] [-0.17, -86.10]
1.891029e+07 [-0.30, -90.13] [-0.10, -89.13] [0.10, -88.13]
1.963245e+07 [-0.33, -92.11] [-0.13, -91.11] [0.07, -90.11]
2.038219e+07 [-0.28, -96.46] [-0.08, -95.46] [0.12, -94.46]
2.116056e+07 [-0.35, -99.26] [-0.15, -98.26] [0.05, -97.26]
2.196866e+07 [-0.28, -102.93] [-0.08, -101.93] [0.12, -100.93]
2.280762e+07 [-0.43, -106.95] [-0.23, -105.95] [-0.03, -104.95]
2.367862e+07 [-0.29, -112.00] [-0.09, -111.00] [0.11, -110.00]
2.458288e+07 [-0.51, -115.18] [-0.31, -114.18] [-0.11, -113.18]
2.552167e+07 [-0.27, -119.28] [-0.07, -118.28] [0.13, -117.28]
2.649631e+07 [-0.37, -123.63] [-0.17, -122.63] [0.03, -121.63]
2.750818e+07 [-0.41, -127.32] [-0.21, -126.32] [-0.01, -125.32]
2.855868e+07 [-0.29, -134.18] [-0.09, -133.18] [0.11, -132.18]
2.964930e+07 [-0.15, -137.99] [0.05, -136.99] [0.25, -135.99]
3.078158e+07 [-0.42, -144.30] [-0.22, -143.30] [-0.02, -142.30]
3.195709e+07 [-0.37, -149.22] [-0.17, -148.22] [0.03, -147.22]
3.317750e+07 [-0.21, -155.11] [-0.01, -154.11] [0.19, -153.11]
3.444451e+07 [-0.22, -160.01] [-0.02, -159.01] [0.18, -158.01]
3.575990e+07 [-0.43, -167.20] [-0.23, -166.20] [-0.03, -165.20]
3.712553e+07 [-0.47, -172.37] [-0.27, -171.37] [-0.07, -170.37]
3.854331e+07 [-0.54, -179.07] [-0.34, -178.07] [-0.14, -177.07]
4.001524e+07 [-0.33, 173.13] [-0.13, 174.13] [0.07, 175.13]
4.154338e+07 [-0.49, 166.07] [-0.29, 167.07] [-0.09, 168.07]
4.312987e+07 [-0.41, 159.85] [-0.21, 160.85] [-0.01, 161.85]
4.477695e+07 [-0.51, 151.58] [-0.31, 152.58] [-0.11, 153.58]
4.648693e+07 [-0.36, 143.51] [-0.16, 144.51] [0.04, 145.51]
4.826221e+07 [-0.51, 134.50] [-0.31, 135.50] [-0.11, 136.50]
5.010529e+07 [-0.36, 126.83] [-0.16, 127.83] [0.04, 128.83]
5.201875e+07 [-0.35, 117.80] [-0.15, 118.80] [0.05, 119.80]
5.400529e+07 [-0.47, 109.00] [-0.27, 110.00] [-0.07, 111.00]
5.606769e+07 [-0.44, 99.16] [-0.24, 100.16] [-0.04, 101.16]
5.820885e+07 [-0.47, 88.70] [-0.27, 89.70] [-0.07, 90.70]
6.043178e+07 [-0.38, 78.94] [-0.18, 79.94] [0.02, 80.94]
6.273960e+07 [-0.55, 68.61] [-0.35, 69.61] [-0.15, 70.61]
6.513556e+07 [-0.54, 57.72] [-0.34, 58.72] [-0.14, 59.72]
6.762301e+07 [-0.41, 46.60] [-0.21, 47.60] [-0.01, 48.60]
7.020545e+07 [-0.52, 34.06] [-0.32, 35.06] [-0.12, 36.06]
7.288652e+07 [-0.44, 21.41] [-0.24, 22.41] [-0.04, 23.41]
7.566997e+07 [-0.51, 8.95] [-0.31, 9.95] [-0.11, 10.95]
7.855972e+07 [-0.56, -4.53] [-0.36, -3.53] [-0.16, -2.53]
8.155983e+07 [-0.46, -18.65] [-0.26, -17.65] [-0.06, -16.65]
8.467450e+07 [-0.46, -32.74] [-0.26, -31.74] [-0.06, -30.74]
8.790813e+07 [-0.50, -47.59] [-0.30, -46.59] [-0.10, -45.59]
9.126524e+07 [-0.57, -62.83] [-0.37, -61.83] [-0.17, -60.83]
9.475055e+07 [-0.50, -78.98] [-0.30, -77.98] [-0.10, -76.98]
9.836897e+07 [-0.53, -95.59] [-0.33, -94.59] [-0.13, -93.59]
1.021256e+08 [-0.54, -113.04] [-0.34, -112.04] [-0.14, -111.04]
1.060256e+08 [-0.55, -131.14] [-0.35, -130.14] [-0.15, -129.14]
1.100746e+08 [-0.56, -149.51] [-0.36, -148.51] [-0.16, -147.51]
1.142782e+08 [-0.56, -169.06] [-0.36, -168.06] [-0.16, -167.06]
1.186424e+08 [-0.57, 170.83] [-0.37, 171.83] [-0.17, 172.83]
1.231732e+08 [-0.58, 149.97] [-0.38, 150.97] [-0.18, 151.97]
1.278771e+08 [-0.63, 128.36] [-0.43, 129.36] [-0.23, 130.36]
1.327605e+08 [-0.58, 105.76] [-0.38, 106.76] [-0.18, 107.76]
1.378305e+08 [-0.62, 82.23] [-0.42, 83.23] [-0.22, 84.23]
1.430941e+08 [-0.61, 58.29] [-0.41, 59.29] [-0.21, 60.29]
1.485587e+08 [-0.61, 33.06] [-0.41, 34.06] [-0.21, 35.06]
1.542320e+08 [-0.59, 6.77] [-0.39, 7.77] [-0.19, 8.77]
1.601219e+08 [-0.63, -20.41] [-0.43, -19.41] [-0.23, -18.41]
1.662368e+08 [-0.63, -48.51] [-0.43, -47.51] [-0.23, -46.51]
1.725852e+08 [-0.64, -77.63] [-0.44, -76.63] [-0.24, -75.63]
1.791760e+08 [-0.66, -108.17] [-0.46, -107.17] [-0.26, -106.17]
1.860186e+08 [-0.64, -139.69] [-0.44, -138.69] [-0.24, -137.69]
1.931224e+08 [-0.67, -172.37] [-0.47, -171.37] [-0.27, -170.37]
2.004975e+08 [-0.69, 153.59] [-0.49, 154.59] [-0.29, 155.59]
2.081543e+08 [-0.70, 118.30] [-0.50, 119.30] [-0.30, 120.30]
2.161035e+08 [-0.70, 81.74] [-0.50, 82.74] [-0.30, 83.74]
2.243562e+08 [-0.71, 43.61] [-0.51, 44.61] [-0.31, 45.61]
2.329241e+08 [-0.70, 4.27] [-0.50, 5.27] [-0.30, 6.27]
2.418192e+08 [-0.74, -36.82] [-0.54, -35.82] [-0.34, -34.82]
2.510540e+08 [-0.75, -79.35] [-0.55, -78.35] [-0.35, -77.35]
2.606415e+08 [-0.73, -123.57] [-0.53, -122.57] [-0.33, -121.57]
2.705951e+08 [-0.76, -169.36] [-0.56, -168.36] [-0.36, -167.36]
2.809288e+08 [-0.77, 143.03] [-0.57, 144.03] [-0.37, 145.03]
2.916571e+08 [-0.80, 93.61] [-0.60, 94.61] [-0.40, 95.61]
3.027952e+08 [-0.80, 42.23] [-0.60, 43.23] [-0.40, 44.23]
3.143586e+08 [-0.80, -10.92] [-0.60, -9.92] [-0.40, -8.92]
3.263636e+08 [-0.83, -66.30] [-0.63, -65.30] [-0.43, -64.30]
3.388271e+08 [-0.83, -123.74] [-0.63, -122.74] [-0.43, -121.74]
3.517665e+08 [-0.86, 176.73] [-0.66, 177.73] [-0.46, 178.73]
3.652000e+08 [-0.86, 114.94] [-0.66, 115.94] [-0.46, 116.94]
3.791466e+08 [-0.87, 50.79] [-0.67, 51.79] [-0.47, 52.79]
3.936258e+08 [-0.88, -15.97] [-0.68, -14.97] [-0.48, -13.97]
4.086579e+08 [-0.91, -85.26] [-0.71, -84.26] [-0.51, -83.26]
4.242641e+08 [-0.92, -157.09] [-0.72, -156.09] [-0.52, -155.09]
4.404662e+08 [-0.92, 128.40] [-0.72, 129.40] [-0.52, 130.40]
4.572871e+08 [-0.95, 50.87] [-0.75, 51.87] [-0.55, 52.87]
4.747504e+08 [-0.95, -29.55] [-0.75, -28.55] [-0.55, -27.55]
4.928806e+08 [-0.97, -112.98] [-0.77, -111.98] [-0.57, -110.98]
5.117031e+08 [-0.99, 160.35] [-0.79, 161.35] [-0.59, 162.35]
5.312445e+08 [-1.02, 70.43] [-0.82, 71.43] [-0.62, 72.43]
5.515321e+08 [-1.02, -23.06] [-0.82, -22.06] [-0.62, -21.06]
5.725945e+08 [-1.04, -120.00] [-0.84, -119.00] [-0.64, -118.00]
5.944612e+08 [-1.05, 139.31] [-0.85, 140.31] [-0.65, 141.31]
6.171630e+08 [-1.08, 34.77] [-0.88, 35.77] [-0.68, 36.77]
6.407317e+08 [-1.09, -73.82] [-0.89, -72.82] [-0.69, -71.82]
6.652006e+08 [-1.11, 173.53] [-0.91, 174.53] [-0.71, 175.53]
6.906038e+08 [-1.13, 56.67] [-0.93, 57.67] [-0.73, 58.67]
7.169772e+08 [-1.16, -64.72] [-0.96, -63.72] [-0.76, -62.72]
7.443577e+08 [-1.16, 169.27] [-0.96, 170.27] [-0.76, 171.27]
7.727839e+08 [-1.19, 38.38] [-0.99, 39.38] [-0.79, 40.38]
8.022956e+08 [-1.20, -97.48] [-1.00, -96.48] [-0.80, -95.48]
8.329344e+08 [-1.23, 121.51] [-1.03, 122.51] [-0.83, 123.51]
8.647432e+08 [-1.25, -24.91] [-1.05, -23.91] [-0.85, -22.91]
8.977667e+08 [-1.28, -176.83] [-1.08, -175.83] [-0.88, -174.83]
9.320514e+08 [-1.29, 25.31] [-1.09, 26.31] [-0.89, 27.31]
9.676454e+08 [-1.31, -138.52] [-1.11, -137.52] [-0.91, -136.52]
1.004599e+09 [-1.34, 51.40] [-1.14, 52.40] [-0.94, 53.40]
1.042963e+09 [-1.37, -125.20] [-1.17, -124.20] [-0.97, -123.20]
1.082793e+09 [-1.39, 51.57] [-1.19, 52.57] [-0.99, 53.57]
1.124143e+09 [-1.41, -138.80] [-1.21, -137.80] [-1.01, -136.80]
1.167073e+09 [-1.43, 23.61] [-1.23, 24.61] [-1.03, 25.61]
1.211642e+09 [-1.46, 178.48] [-1.26, 179.48] [-1.06, 180.48]
1.257913e+09 [-1.49, -34.37] [-1.29, -33.37] [-1.09, -32.37]
1.305952e+09 [-1.51, 104.47] [-1.31, 105.47] [-1.11, 106.47]
1.355825e+09 [-1.53, -125.04] [-1.33, -124.04] [-1.13, -123.04]
1.407602e+09 [-1.58, -3.30] [-1.38, -2.30] [-1.18, -1.30]
1.461357e+09 [-1.59, 109.35] [-1.39, 110.35] [-1.19, 111.35]
1.517164e+09 [-1.62, -147.50] [-1.42, -146.50] [-1.22, -145.50]
1.575103e+09 [-1.66, -54.04] [-1.46, -53.04] [-1.26, -52.04]
1.635254e+09 [-1.68, 29.09] [-1.48, 30.09] [-1.28, 31.09]
1.697703e+09 [-1.71, 101.68] [-1.51, 102.68] [-1.31, 103.68]
1.762536e+09 [-1.74, 163.31] [-1.54, 164.31] [-1.34, 165.31]
1.829845e+09 [-1.77, -146.35] [-1.57, -145.35] [-1.37, -144.35]
1.899725e+09 [-1.80, -107.92] [-1.60, -106.92] [-1.40, -105.92]
1.972273e+09 [-1.82, -81.68] [-1.62, -80.68] [-1.42, -79.68]
2.047592e+09 [-1.87, -68.35] [-1.67, -67.35] [-1.47, -66.35]
2.125787e+09 [-1.90, -68.06] [-1.70, -67.06] [-1.50, -66.06]
2.206969e+09 [-1.92, -81.60] [-1.72, -80.60] [-1.52, -79.60]
2.291250e+09 [-1.98, -109.46] [-1.78, -108.46] [-1.58, -107.46]
2.378751e+09 [-2.01, -152.13] [-1.81, -151.13] [-1.61, -150.13]
2.469592e+09 [-2.06, 150.04] [-1.86, 151.04] [-1.66, 152.04]
2.563903e+09 [-2.07, 76.57] [-1.87, 77.57] [-1.67, 78.57]
2.661816e+09 [-2.09, -14.60] [-1.89, -13.60] [-1.69, -12.60]
2.763468e+09 [-2.16, -122.18] [-1.96, -121.18] [-1.76, -120.18]
2.869001e+09 [-2.20, 112.22] [-2.00, 113.22] [-1.80, 114.22]
2.978565e+09 [-2.24, -31.86] [-2.04, -30.86] [-1.84, -29.86]
3.092313e+09 [-2.30, 164.95] [-2.10, 165.95] [-1.90, 166.95]
3.210405e+09 [-2.34, -18.49] [-2.14, -17.49] [-1.94, -16.49]
3.333007e+09 [-2.36, 137.64] [-2.16, 138.64] [-1.96, 139.64]
3.460290e+09 [-2.42, -88.28] [-2.22, -87.28] [-2.02, -86.28]
3.592435e+09 [-2.50, 23.86] [-2.30, 24.86] [-2.10, 25.86]
3.729626e+09 [-2.53, 112.27] [-2.33, 113.27] [-2.13, 114.27]
3.872056e+09 [-2.58, 177.41] [-2.38, 178.41] [-2.18, 179.41]
4.019925e+09 [-2.66, -142.99] [-2.46, -141.99] [-2.26, -140.99]
4.173442e+09 [-2.70, -129.45] [-2.50, -128.45] [-2.30, -127.45]
4.332821e+09 [-2.75, -142.66] [-2.55, -141.66] [-2.35, -140.66]
4.498286e+09 [-2.82, 176.17] [-2.62, 177.17] [-2.42, 178.17]
4.670071e+09 [-2.85, 105.95] [-2.65, 106.95] [-2.45, 107.95]
4.848415e+09 [-2.92, 5.21] [-2.72, 6.21] [-2.52, 7.21]
5.033571e+09 [-3.00, -126.45] [-2.80, -125.45] [-2.60, -124.45]
5.225797e+09 [-3.04, 68.96] [-2.84, 69.96] [-2.64, 70.96]
5.425364e+09 [-3.11, -128.60] [-2.91, -127.60] [-2.71, -126.60]
5.632553e+09 [-3.19, -1.83] [-2.99, -0.83] [-2.79, 0.17]
5.847653e+09 [-3.28, 88.66] [-3.08, 89.66] [-2.88, 90.66]
6.070969e+09 [-3.36, 141.11] [-3.16, 142.11] [-2.96, 143.11]
6.302812e+09 [-3.47, 154.10] [-3.27, 155.10] [-3.07, 156.10]
6.543509e+09 [-3.55, 127.40] [-3.35, 128.40] [-3.15, 129.40]
6.793398e+09 [-3.60, 57.63] [-3.40, 58.63] [-3.20, 59.63]
7.052830e+09 [-3.67, -55.69] [-3.47, -54.69] [-3.27, -53.69]
7.322170e+09 [-3.77, 144.88] [-3.57, 145.88] [-3.37, 146.88]
7.601795e+09 [-3.84, -60.72] [-3.64, -59.72] [-3.44, -58.72]
7.892099e+09 [-3.92, 43.44] [-3.72, 44.44] [-3.52, 45.44]
8.193489e+09 [-3.96, 96.85] [-3.76, 97.85] [-3.56, 98.85]
8.506389e+09 [-4.13, 97.76] [-3.93, 98.76] [-3.73, 99.76]
8.831239e+09 [-4.22, 42.52] [-4.02, 43.52] [-3.82, 44.52]
9.168493e+09 [-4.25, -69.29] [-4.05, -68.29] [-3.85, -67.29]
9.518628e+09 [-4.36, 120.32] [-4.16, 121.32] [-3.96, 122.32]
9.882133e+09 [-4.39, -112.04] [-4.19, -111.04] [-3.99, -110.04]
1.025952e+10 [-4.63, -49.86] [-4.43, -48.86] [-4.23, -47.86]
1.065132e+10 [-4.87, -50.42] [-4.67, -49.42] [-4.47, -48.42]
1.105808e+10 [-4.78, -121.75] [-4.58, -120.75] [-4.38, -119.75]
1.148038e+10 [-5.16, 95.42] [-4.96, 96.42] [-4.76, 97.42]
1.191880e+10 [-5.21, -121.95] [-5.01, -120.95] [-4.81, -119.95]
1.237396e+10 [-5.46, -55.79] [-5.26, -54.79] [-5.06, -53.79]
1.284651e+10 [-5.30, -69.77] [-5.10, -68.77] [-4.90, -67.77]
1.333711e+10 [-5.42, -166.39] [-5.22, -165.39] [-5.02, -164.39]
1.384643e+10 [-5.61, 9.64] [-5.41, 10.64] [-5.21, 11.64]
1.437521e+10 [-5.92, 96.40] [-5.72, 97.40] [-5.52, 98.40]
1.492419e+10 [-6.06, 90.27] [-5.86, 91.27] [-5.66, 92.27]
1.549412e+10 [-5.95, -13.72] [-5.75, -12.72] [-5.55, -11.72]
1.608583e+10 [-6.30, 142.25] [-6.10, 143.25] [-5.90, 144.25]
1.670013e+10 [-6.20, -163.30] [-6.00, -162.30] [-5.80, -161.30]
1.733789e+10 [-6.94, 142.67] [-6.74, 143.67] [-6.54, 144.67]
1.800000e+10 [-7.05, -26.77] [-6.85, -25.77] [-6.65, -24.77]
