FUNIT: Hz
UNIT: dB
1.000000e+04 [-41.14, -107.03] [-40.94, -106.03] [-40.74, -105.03]
1.000000e+07 [-41.14, -107.03] [-40.94, -106.03] [-40.74, -105.03]
1.038189e+07 [-39.81, -108.86] [-39.61, -107.86] [-39.41, -106.86]
1.077836e+07 [-40.46, -117.28] [-40.26, -116.28] [-40.06, -115.28]
1.118997e+07 [-40.43, -115.94] [-40.23, -114.94] [-40.03, -113.94]
1.161731e+07 [-39.71, -121.89] [-39.51, -120.89] [-39.31, -119.89]
1.206096e+07 [-41.09, -122.75] [-40.89, -121.75] [-40.69, -120.75]
1.252155e+07 [-40.92, -129.94] [-40.72, -128.94] [-40.52, -127.94]
1.299974e+07 [-40.35, -137.35] [-40.15, -136.35] [-39.95, -135.35]
1.349618e+07 [-40.73, -142.80] [-40.53, -141.80] [-40.33, -140.80]
1.401158e+07 [-40.84, -148.16] [-40.64, -147.16] [-40.44, -146.16]
1.454667e+07 [-40.61, -150.63] [-40.41, -149.63] [-40.21, -148.63]
1.510219e+07 [-40.60, -157.47] [-40.40, -156.47] [-40.20, -155.47]
1.567893e+07 [-40.86, -163.31] [-40.66, -162.31] [-40.46, -161.31]
1.627769e+07 [-40.90, -173.28] [-40.70, -172.28] [-40.50, -171.28]
1.689931e+07 [-40.68, -176.41] [-40.48, -175.41] [-40.28, -174.41]
1.754468e+07 [-41.09, 175.64] [-40.89, 176.64] [-40.69, 177.64]
1.821469e+07 [-41.11, 163.77] [-40.91, 164.77] [-40.71, 165.77]
1.891029e+07 [-40.62, 161.84] [-40.42, 162.84] [-40.22, 163.84]
1.963245e+07 [-41.17, 154.39] [-40.97, 155.39] [-40.77, 156.39]
2.038219e+07 [-41.01, 147.09] [-40.81, 148.09] [-40.61, 149.09]
2.116056e+07 [-40.94, 137.98] [-40.74, 138.98] [-40.54, 139.98]
2.196866e+07 [-41.17, 131.30] [-40.97, 132.30] [-40.77, 133.30]
2.280762e+07 [-41.31, 120.99] [-41.11, 121.99] [-40.91, 122.99]
2.367862e+07 [-40.95, 112.28] [-40.75, 113.28] [-40.55, 114.28]
2.458288e+07 [-41.57, 102.73] [-41.37, 103.73] [-41.17, 104.73]
2.552167e+07 [-41.26, 92.12] [-41.06, 93.12] [-40.86, 94.12]
2.649631e+07 [-41.34, 82.24] [-41.14, 83.24] [-40.94, 84.24]
2.750818e+07 [-41.32, 73.25] [-41.12, 74.25] [-40.92, 75.25]
2.855868e+07 [-41.29, 60.14] [-41.09, 61.14] [-40.89, 62.14]
2.964930e+07 [-41.11, 48.91] [-40.91, 49.91] [-40.71, 50.91]
3.078158e+07 [-41.47, 36.10] [-41.27, 37.10] [-41.07, 38.10]
3.195709e+07 [-41.34, 25.08] [-41.14, 26.08] [-40.94, 27.08]
3.317750e+07 [-41.10, 11.43] [-40.90, 12.43] [-40.70, 13.43]
3.444451e+07 [-41.26, 0.10] [-41.06, 1.10] [-40.86, 2.10]
3.575990e+07 [-41.27, -16.37] [-41.07, -15.37] [-40.87, -14.37]
3.712553e+07 [-41.35, -29.33] [-41.15, -28.33] [-40.95, -27.33]
3.854331e+07 [-41.36, -43.51] [-41.16, -42.51] [-40.96, -41.51]
4.001524e+07 [-41.24, -60.19] [-41.04, -59.19] [-40.84, -58.19]
4.154338e+07 [-41.31, -76.12] [-41.11, -75.12] [-40.91, -74.12]
4.312987e+07 [-41.24, -92.29] [-41.04, -91.29] [-40.84, -90.29]
4.477695e+07 [-41.26, -109.22] [-41.06, -108.22] [-40.86, -107.22]
4.648693e+07 [-41.02, -127.13] [-40.82, -126.13] [-40.62, -125.13]
4.826221e+07 [-41.20, -146.13] [-41.00, -145.13] [-40.80, -144.13]
5.010529e+07 [-40.96, -164.48] [-40.76, -163.48] [-40.56, -162.48]
5.201875e+07 [-40.88, 175.34] [-40.68, 176.34] [-40.48, 177.34]
5.400529e+07 [-40.92, 155.28] [-40.72, 156.28] [-40.52, 157.28]
5.606769e+07 [-40.96, 134.11] [-40.76, 135.11] [-40.56, 136.11]
5.820885e+07 [-41.08, 111.06] [-40.88, 112.06] [-40.68, 113.06]
6.043178e+07 [-40.87, 88.76] [-40.67, 89.76] [-40.47, 90.76]
6.273960e+07 [-41.16, 65.50] [-40.96, 66.50] [-40.76, 67.50]
6.513556e+07 [-41.18, 40.77] [-40.98, 41.77] [-40.78, 42.77]
6.762301e+07 [-41.18, 16.01] [-40.98, 17.01] [-40.78, 18.01]
7.020545e+07 [-41.41, -11.34] [-41.21, -10.34] [-41.01, -9.34]
7.288652e+07 [-41.42, -39.32] [-41.22, -38.32] [-41.02, -37.32]
7.566997e+07 [-41.61, -67.87] [-41.41, -66.87] [-41.21, -65.87]
7.855972e+07 [-41.78, -98.17] [-41.58, -97.17] [-41.38, -96.17]
8.155983e+07 [-41.72, -129.61] [-41.52, -128.61] [-41.32, -127.61]
8.467450e+07 [-41.76, -161.96] [-41.56, -160.96] [-41.36, -159.96]
8.790813e+07 [-41.77, 164.30] [-41.57, 165.30] [-41.37, 166.30]
9.126524e+07 [-41.74, 129.20] [-41.54, 130.20] [-41.34, 131.20]
9.475055e+07 [-41.61, 93.02] [-41.41, 94.02] [-41.21, 95.02]
9.836897e+07 [-41.52, 55.29] [-41.32, 56.29] [-41.12, 57.29]
1.021256e+08 [-41.46, 15.83] [-41.26, 16.83] [-41.06, 17.83]
1.060256e+08 [-41.37, -24.83] [-41.17, -23.83] [-40.97, -22.83]
1.100746e+08 [-41.40, -66.33] [-41.20, -65.33] [-41.00, -64.33]
1.142782e+08 [-41.45, -109.85] [-41.25, -108.85] [-41.05, -107.85]
1.186424e+08 [-41.56, -154.60] [-41.36, -153.60] [-41.16, -152.60]
1.231732e+08 [-41.77, 159.12] [-41.57, 160.12] [-41.37, 161.12]
1.278771e+08 [-41.97, 111.50] [-41.77, 112.50] [-41.57, 113.50]
1.327605e+08 [-42.02, 61.47] [-41.82, 62.47] [-41.62, 63.47]
1.378305e+08 [-42.07, 8.98] [-41.87, 9.98] [-41.67, 10.98]
1.430941e+08 [-41.97, -45.12] [-41.77, -44.12] [-41.57, -43.12]
1.485587e+08 [-41.86, -102.09] [-41.66, -101.09] [-41.46, -100.09]
1.542320e+08 [-41.78, -161.54] [-41.58, -160.54] [-41.38, -159.54]
1.601219e+08 [-41.77, 137.02] [-41.57, 138.02] [-41.37, 139.02]
1.662368e+08 [-41.84, 73.75] [-41.64, 74.75] [-41.44, 75.75]
1.725852e+08 [-42.02, 8.71] [-41.82, 9.71] [-41.62, 10.71]
1.791760e+08 [-42.16, -58.73] [-41.96, -57.73] [-41.76, -56.73]
1.860186e+08 [-42.13, -128.80] [-41.93, -127.80] [-41.73, -126.80]
1.931224e+08 [-42.08, 157.71] [-41.88, 158.71] [-41.68, 159.71]
2.004975e+08 [-41.99, 79.96] [-41.79, 80.96] [-41.59, 81.96]
2.081543e+08 [-42.04, -1.01] [-41.84, -0.01] [-41.64, 0.99]
2.161035e+08 [-42.23, -83.89] [-42.03, -82.89] [-41.83, -81.89]
2.243562e+08 [-42.46, -168.64] [-42.26, -167.64] [-42.06, -166.64]
2.329241e+08 [-42.32, 105.00] [-42.12, 106.00] [-41.92, 107.00]
2.418192e+08 [-42.06, 14.15] [-41.86, 15.15] [-41.66, 16.15]
2.510540e+08 [-41.85, -82.10] [-41.65, -81.10] [-41.45, -80.10]
2.606415e+08 [-42.15, 176.67] [-41.95, 177.67] [-41.75, 178.67]
2.705951e+08 [-42.67, 73.36] [-42.47, 74.36] [-42.27, 75.36]
2.809288e+08 [-42.64, -31.83] [-42.44, -30.83] [-42.24, -29.83]
2.916571e+08 [-42.05, -140.85] [-41.85, -139.85] [-41.65, -138.85]
3.027952e+08 [-41.72, 103.96] [-41.52, 104.96] [-41.32, 105.96]
3.143586e+08 [-42.36, -15.02] [-42.16, -14.02] [-41.96, -13.02]
3.263636e+08 [-42.93, -137.62] [-42.73, -136.62] [-42.53, -135.62]
3.388271e+08 [-42.29, 93.06] [-42.09, 94.06] [-41.89, 95.06]
3.517665e+08 [-41.79, -44.70] [-41.59, -43.70] [-41.39, -42.70]
3.652000e+08 [-42.85, 174.79] [-42.65, 175.79] [-42.45, 176.79]
3.791466e+08 [-43.26, 31.44] [-43.06, 32.44] [-42.86, 33.44]
3.936258e+08 [-41.89, -119.12] [-41.69, -118.12] [-41.49, -117.12]
4.086579e+08 [-41.94, 87.47] [-41.74, 88.47] [-41.54, 89.47]
4.242641e+08 [-43.08, -67.06] [-42.88, -66.06] [-42.68, -65.06]
4.404662e+08 [-42.14, 119.85] [-41.94, 120.85] [-41.74, 121.85]
4.572871e+08 [-42.01, -58.28] [-41.81, -57.28] [-41.61, -56.28]
4.747504e+08 [-43.22, 129.92] [-43.02, 130.92] [-42.82, 131.92]
4.928806e+08 [-41.97, -66.06] [-41.77, -65.06] [-41.57, -64.06]
5.117031e+08 [-42.20, 100.87] [-42.00, 101.87] [-41.80, 102.87]
5.312445e+08 [-42.91, -96.50] [-42.71, -95.50] [-42.51, -94.50]
5.515321e+08 [-41.89, 40.91] [-41.69, 41.91] [-41.49, 42.91]
5.725945e+08 [-42.39, -161.15] [-42.19, -160.15] [-41.99, -159.15]
5.944612e+08 [-42.43, -40.04] [-42.23, -39.04] [-42.03, -38.04]
6.171630e+08 [-42.10, 93.41] [-41.90, 94.41] [-41.70, 95.41]
6.407317e+08 [-42.74, -157.52] [-42.54, -156.52] [-42.34, -155.52]
6.652006e+08 [-41.96, -47.15] [-41.76, -46.15] [-41.56, -45.15]
6.906038e+08 [-43.20, 42.61] [-43.00, 43.61] [-42.80, 44.61]
7.169772e+08 [-41.92, 134.80] [-41.72, 135.80] [-41.52, 136.80]
7.443577e+08 [-43.17, -144.22] [-42.97, -143.22] [-42.77, -142.22]
7.727839e+08 [-42.19, -79.67] [-41.99, -78.67] [-41.79, -77.67]
8.022956e+08 [-42.99, -36.14] [-42.79, -35.14] [-42.59, -34.14]
8.329344e+08 [-43.19, 20.43] [-42.99, 21.43] [-42.79, 22.43]
8.647432e+08 [-42.59, 41.23] [-42.39, 42.23] [-42.19, 43.23]
8.977667e+08 [-43.41, 63.81] [-43.21, 64.81] [-43.01, 65.81]
9.320514e+08 [-43.48, 77.11] [-43.28, 78.11] [-43.08, 79.11]
9.676454e+08 [-43.23, 56.48] [-43.03, 57.48] [-42.83, 58.48]
1.004599e+09 [-43.89, 37.20] [-43.69, 38.20] [-43.49, 39.20]
1.042963e+09 [-44.63, 0.87] [-44.43, 1.87] [-44.23, 2.87]
1.082793e+09 [-43.95, -47.94] [-43.75, -46.94] [-43.55, -45.94]
1.124143e+09 [-43.16, -124.95] [-42.96, -123.95] [-42.76, -122.95]
1.167073e+09 [-41.92, 166.83] [-41.72, 167.83] [-41.52, 168.83]
1.211642e+09 [-41.88, 62.15] [-41.68, 63.15] [-41.48, 64.15]
1.257913e+09 [-42.51, -44.68] [-42.31, -43.68] [-42.11, -42.68]
1.305952e+09 [-42.44, 172.23] [-42.24, 173.23] [-42.04, 174.23]
1.355825e+09 [-42.19, 19.86] [-41.99, 20.86] [-41.79, 21.86]
1.407602e+09 [-41.12, -168.97] [-40.92, -167.97] [-40.72, -166.97]
1.461357e+09 [-40.70, -21.29] [-40.50, -20.29] [-40.30, -19.29]
1.517164e+09 [-40.67, 128.52] [-40.47, 129.52] [-40.27, 130.52]
1.575103e+09 [-37.74, -101.48] [-37.54, -100.48] [-37.34, -99.48]
1.635254e+09 [-40.73, -6.01] [-40.53, -5.01] [-40.33, -4.01]
1.697703e+09 [-46.15, 116.00] [-45.95, 117.00] [-45.75, 118.00]
1.762536e+09 [-44.25, 98.46] [-44.05, 99.46] [-43.85, 100.46]
1.829845e+09 [-36.39, 88.18] [-36.19, 89.18] [-35.99, 90.18]
1.899725e+09 [-41.12, 126.45] [-40.92, 127.45] [-40.72, 128.45]
1.972273e+09 [-45.80, -48.31] [-45.60, -47.31] [-45.40, -46.31]
2.047592e+09 [-51.42, 32.50] [-51.22, 33.50] [-51.02, 34.50]
2.125787e+09 [-54.75, -174.07] [-54.55, -173.07] [-54.35, -172.07]
2.206969e+09 [-46.56, -102.48] [-46.36, -101.48] [-46.16, -100.48]
2.291250e+09 [-47.24, 17.75] [-47.04, 18.75] [-46.84, 19.75]
2.378751e+09 [-50.26, 50.58] [-50.06, 51.58] [-49.86, 52.58]
2.469592e+09 [-38.04, 82.88] [-37.84, 83.88] [-37.64, 84.88]
2.563903e+09 [-29.64, -32.72] [-29.44, -31.72] [-29.24, -30.72]
2.661816e+09 [-34.29, -108.86] [-34.09, -107.86] [-33.89, -106.86]
2.763468e+09 [-39.50, -70.47] [-39.30, -69.47] [-39.10, -68.47]
2.869001e+09 [-32.88, -60.65] [-32.68, -59.65] [-32.48, -58.65]
2.978565e+09 [-36.13, -128.34] [-35.93, -127.34] [-35.73, -126.34]
3.092313e+09 [-41.11, -160.65] [-40.91, -159.65] [-40.71, -158.65]
3.210405e+09 [-39.64, -114.30] [-39.44, -113.30] [-39.24, -112.30]
3.333007e+09 [-28.52, 131.37] [-28.32, 132.37] [-28.12, 133.37]
3.460290e+09 [-27.79, -176.74] [-27.59, -175.74] [-27.39, -174.74]
3.592435e+09 [-25.18, -73.87] [-24.98, -72.87] [-24.78, -71.87]
3.729626e+09 [-29.61, -109.82] [-29.41, -108.82] [-29.21, -107.82]
3.872056e+09 [-27.21, 141.34] [-27.01, 142.34] [-26.81, 143.34]
4.019925e+09 [-27.13, -12.71] [-26.93, -11.71] [-26.73, -10.71]
4.173442e+09 [-30.71, 163.42] [-30.51, 164.42] [-30.31, 165.42]
4.332821e+09 [-27.34, -15.71] [-27.14, -14.71] [-26.94, -13.71]
4.498286e+09 [-33.68, 128.52] [-33.48, 129.52] [-33.28, 130.52]
4.670071e+09 [-40.17, -55.94] [-39.97, -54.94] [-39.77, -53.94]
4.848415e+09 [-27.89, 69.04] [-27.69, 70.04] [-27.49, 71.04]
5.033571e+09 [-33.01, 128.30] [-32.81, 129.30] [-32.61, 130.30]
5.225797e+09 [-34.65, 138.99] [-34.45, 139.99] [-34.25, 140.99]
5.425364e+09 [-39.36, 133.30] [-39.16, 134.30] [-38.96, 135.30]
5.632553e+09 [-41.55, -152.79] [-41.35, -151.79] [-41.15, -150.79]
5.847653e+09 [-41.52, -138.02] [-41.32, -137.02] [-41.12, -136.02]
6.070969e+09 [-36.96, 49.86] [-36.76, 50.86] [-36.56, 51.86]
6.302812e+09 [-29.17, -41.44] [-28.97, -40.44] [-28.77, -39.44]
6.543509e+09 [-20.26, 100.87] [-20.06, 101.87] [-19.86, 102.87]
6.793398e+09 [-29.90, 36.39] [-29.70, 37.39] [-29.50, 38.39]
7.052830e+09 [-18.83, -138.01] [-18.63, -137.01] [-18.43, -136.01]
7.322170e+09 [-27.59, -12.55] [-27.39, -11.55] [-27.19, -10.55]
7.601795e+09 [-33.14, -175.28] [-32.94, -174.28] [-32.74, -173.28]
7.892099e+09 [-29.82, -33.65] [-29.62, -32.65] [-29.42, -31.65]
8.193489e+09 [-24.73, 77.88] [-24.53, 78.88] [-24.33, 79.88]
8.506389e+09 [-34.20, -5.61] [-34.00, -4.61] [-33.80, -3.61]
8.831239e+09 [-28.20, 16.75] [-28.00, 17.75] [-27.80, 18.75]
9.168493e+09 [-35.58, -12.69] [-35.38, -11.69] [-35.18, -10.69]
9.518628e+09 [-19.72, -160.32] [-19.52, -159.32] [-19.32, -158.32]
9.882133e+09 [-14.92, 39.06] [-14.72, 40.06] [-14.52, 41.06]
1.025952e+10 [-20.73, -179.04] [-20.53, -178.04] [-20.33, -177.04]
1.065132e+10 [-23.65, 6.94] [-23.45, 7.94] [-23.25, 8.94]
1.105808e+10 [-19.65, 99.97] [-19.45, 100.97] [-19.25, 101.97]
1.148038e+10 [-26.92, -80.26] [-26.72, -79.26] [-26.52, -78.26]
1.191880e+10 [-31.44, -13.24] [-31.24, -12.24] [-31.04, -11.24]
1.237396e+10 [-33.91, 163.18] [-33.71, 164.18] [-33.51, 165.18]
1.284651e+10 [-41.18, 55.16] [-40.98, 56.16] [-40.78, 57.16]
1.333711e+10 [-25.62, 156.58] [-25.42, 157.58] [-25.22, 158.58]
1.384643e+10 [-32.42, -84.83] [-32.22, -83.83] [-32.02, -82.83]
1.437521e+10 [-41.13, -134.75] [-40.93, -133.75] [-40.73, -132.75]
1.492419e+10 [-30.98, 77.73] [-30.78, 78.73] [-30.58, 79.73]
1.549412e+10 [-31.46, -28.51] [-31.26, -27.51] [-31.06, -26.51]
1.608583e+10 [-30.67, -124.85] [-30.47, -123.85] [-30.27, -122.85]
1.670013e+10 [-32.03, 104.59] [-31.83, 105.59] [-31.63, 106.59]
1.733789e+10 [-28.38, 97.03] [-28.18, 98.03] [-27.98, 99.03]
1.800000e+10 [-32.11, 21.85] [-31.91, 22.85] [-31.71, 23.85]
