FUNIT: Hz
UNIT: dB
1.000000e+07 [-78.51, -50.26] [-78.31, -49.26] [-78.11, -48.26]
1.038189e+07 [-66.79, -9.98] [-66.59, -8.98] [-66.39, -7.98]
1.077836e+07 [-73.09, -42.66] [-72.89, -41.66] [-72.69, -40.66]
1.118997e+07 [-75.12, 40.47] [-74.92, 41.47] [-74.72, 42.47]
1.161731e+07 [-81.84, -72.52] [-81.64, -71.52] [-81.44, -70.52]
1.206096e+07 [-73.45, -50.72] [-73.25, -49.72] [-73.05, -48.72]
1.252155e+07 [-73.96, -105.85] [-73.76, -104.85] [-73.56, -103.85]
1.299974e+07 [-72.91, 10.45] [-72.71, 11.45] [-72.51, 12.45]
1.349618e+07 [-74.97, 55.91] [-74.77, 56.91] [-74.57, 57.91]
1.401158e+07 [-69.25, -25.32] [-69.05, -24.32] [-68.85, -23.32]
1.454667e+07 [-72.19, -37.53] [-71.99, -36.53] [-71.79, -35.53]
1.510219e+07 [-73.12, -14.93] [-72.92, -13.93] [-72.72, -12.93]
1.567893e+07 [-94.56, -34.23] [-94.36, -33.23] [-94.16, -32.23]
1.627769e+07 [-69.87, -23.66] [-69.67, -22.66] [-69.47, -21.66]
1.689931e+07 [-71.01, -52.38] [-70.81, -51.38] [-70.61, -50.38]
1.754468e+07 [-71.08, -80.38] [-70.88, -79.38] [-70.68, -78.38]
1.821469e+07 [-71.20, -53.57] [-71.00, -52.57] [-70.80, -51.57]
1.891029e+07 [-73.49, -93.91] [-73.29, -92.91] [-73.09, -91.91]
1.963245e+07 [-74.16, -71.98] [-73.96, -70.98] [-73.76, -69.98]
2.038219e+07 [-73.97, -82.97] [-73.77, -81.97] [-73.57, -80.97]
2.116056e+07 [-69.11, -97.20] [-68.91, -96.20] [-68.71, -95.20]
2.196866e+07 [-73.33, -118.17] [-73.13, -117.17] [-72.93, -116.17]
2.280762e+07 [-69.72, -125.52] [-69.52, -124.52] [-69.32, -123.52]
2.367862e+07 [-70.89, -144.27] [-70.69, -143.27] [-70.49, -142.27]
2.458288e+07 [-69.20, -126.97] [-69.00, -125.97] [-68.80, -124.97]
2.552167e+07 [-69.46, -146.01] [-69.26, -145.01] [-69.06, -144.01]
2.649631e+07 [-71.02, -164.25] [-70.82, -163.25] [-70.62, -162.25]
2.750818e+07 [-67.74, -169.67] [-67.54, -168.67] [-67.34, -167.67]
2.855868e+07 [-68.00, -175.42] [-67.80, -174.42] [-67.60, -173.42]
2.964930e+07 [-67.37, -178.58] [-67.17, -177.58] [-66.97, -176.58]
3.078158e+07 [-67.43, 176.36] [-67.23, 177.36] [-67.03, 178.36]
3.195709e+07 [-67.29, 158.33] [-67.09, 159.33] [-66.89, 160.33]
3.317750e+07 [-66.93, 152.11] [-66.73, 153.11] [-66.53, 154.11]
3.444451e+07 [-67.01, 136.03] [-66.81, 137.03] [-66.61, 138.03]
3.575990e+07 [-65.44, 124.49] [-65.24, 125.49] [-65.04, 126.49]
3.712553e+07 [-66.84, 120.73] [-66.64, 121.73] [-66.44, 122.73]
3.854331e+07 [-65.66, 99.30] [-65.46, 100.30] [-65.26, 101.30]
4.001524e+07 [-65.08, 88.09] [-64.88, 89.09] [-64.68, 90.09]
4.154338e+07 [-65.47, 66.24] [-65.27, 67.24] [-65.07, 68.24]
4.312987e+07 [-64.66, 58.47] [-64.46, 59.47] [-64.26, 60.47]
4.477695e+07 [-64.20, 41.56] [-64.00, 42.56] [-63.80, 43.56]
4.648693e+07 [-64.12, 25.80] [-63.92, 26.80] [-63.72, 27.80]
4.826221e+07 [-63.85, 12.97] [-63.65, 13.97] [-63.45, 14.97]
5.010529e+07 [-62.94, -1.41] [-62.74, -0.41] [-62.54, 0.59]
5.201875e+07 [-62.78, -23.16] [-62.58, -22.16] [-62.38, -21.16]
5.400529e+07 [-62.27, -37.77] [-62.07, -36.77] [-61.87, -35.77]
5.606769e+07 [-61.89, -58.26] [-61.69, -57.26] [-61.49, -56.26]
5.820885e+07 [-61.95, -76.83] [-61.75, -75.83] [-61.55, -74.83]
6.043178e+07 [-61.36, -97.98] [-61.16, -96.98] [-60.96, -95.98]
6.273960e+07 [-61.47, -115.19] [-61.27, -114.19] [-61.07, -113.19]
6.513556e+07 [-61.42, -136.70] [-61.22, -135.70] [-61.02, -134.70]
6.762301e+07 [-60.77, -159.98] [-60.57, -158.98] [-60.37, -157.98]
7.020545e+07 [-60.55, 177.22] [-60.35, 178.22] [-60.15, 179.22]
7.288652e+07 [-60.16, 152.06] [-59.96, 153.06] [-59.76, 154.06]
7.566997e+07 [-59.72, 128.58] [-59.52, 129.58] [-59.32, 130.58]
7.855972e+07 [-59.70, 102.14] [-59.50, 103.14] [-59.30, 104.14]
8.155983e+07 [-59.39, 75.13] [-59.19, 76.13] [-58.99, 77.13]
8.467450e+07 [-59.32, 48.49] [-59.12, 49.49] [-58.92, 50.49]
8.790813e+07 [-58.82, 18.09] [-58.62, 19.09] [-58.42, 20.09]
9.126524e+07 [-58.53, -12.22] [-58.33, -11.22] [-58.13, -10.22]
9.475055e+07 [-58.10, -44.99] [-57.90, -43.99] [-57.70, -42.99]
9.836897e+07 [-57.80, -77.50] [-57.60, -76.50] [-57.40, -75.50]
1.021256e+08 [-57.42, -111.52] [-57.22, -110.52] [-57.02, -109.52]
1.060256e+08 [-56.90, -146.61] [-56.70, -145.61] [-56.50, -144.61]
1.100746e+08 [-56.52, 176.42] [-56.32, 177.42] [-56.12, 178.42]
1.142782e+08 [-56.19, 139.96] [-55.99, 140.96] [-55.79, 141.96]
1.186424e+08 [-55.98, 101.11] [-55.78, 102.11] [-55.58, 103.11]
1.231732e+08 [-55.65, 60.29] [-55.45, 61.29] [-55.25, 62.29]
1.278771e+08 [-55.57, 20.23] [-55.37, 21.23] [-55.17, 22.23]
1.327605e+08 [-55.19, -23.64] [-54.99, -22.64] [-54.79, -21.64]
1.378305e+08 [-55.12, -67.99] [-54.92, -66.99] [-54.72, -65.99]
1.430941e+08 [-54.79, -115.49] [-54.59, -114.49] [-54.39, -113.49]
1.485587e+08 [-54.49, -165.24] [-54.29, -164.24] [-54.09, -163.24]
1.542320e+08 [-54.08, 142.75] [-53.88, 143.75] [-53.68, 144.75]
1.601219e+08 [-53.70, 88.79] [-53.50, 89.79] [-53.30, 90.79]
1.662368e+08 [-53.31, 33.96] [-53.11, 34.96] [-52.91, 35.96]
1.725852e+08 [-52.94, -21.99] [-52.74, -20.99] [-52.54, -19.99]
1.791760e+08 [-52.70, -79.68] [-52.50, -78.68] [-52.30, -77.68]
1.860186e+08 [-52.49, -140.05] [-52.29, -139.05] [-52.09, -138.05]
1.931224e+08 [-52.24, 156.39] [-52.04, 157.39] [-51.84, 158.39]
2.004975e+08 [-52.02, 89.55] [-51.82, 90.55] [-51.62, 91.55]
2.081543e+08 [-51.86, 18.84] [-51.66, 19.84] [-51.46, 20.84]
2.161035e+08 [-51.55, -54.50] [-51.35, -53.50] [-51.15, -52.50]
2.243562e+08 [-51.18, -128.78] [-50.98, -127.78] [-50.78, -126.78]
2.329241e+08 [-50.75, 156.03] [-50.55, 157.03] [-50.35, 158.03]
2.418192e+08 [-50.34, 78.64] [-50.14, 79.64] [-49.94, 80.64]
2.510540e+08 [-50.04, -3.09] [-49.84, -2.09] [-49.64, -1.09]
2.606415e+08 [-49.87, -90.16] [-49.67, -89.16] [-49.47, -88.16]
2.705951e+08 [-49.85, 178.43] [-49.65, 179.43] [-49.45, 180.43]
2.809288e+08 [-49.61, 84.77] [-49.41, 85.77] [-49.21, 86.77]
2.916571e+08 [-49.13, -9.16] [-48.93, -8.16] [-48.73, -7.16]
3.027952e+08 [-48.54, -105.70] [-48.34, -104.70] [-48.14, -103.70]
3.143586e+08 [-48.24, 152.19] [-48.04, 153.19] [-47.84, 154.19]
3.263636e+08 [-48.38, 43.15] [-48.18, 44.15] [-47.98, 45.15]
3.388271e+08 [-48.32, -70.36] [-48.12, -69.36] [-47.92, -68.36]
3.517665e+08 [-47.79, 172.65] [-47.59, 173.65] [-47.39, 174.65]
3.652000e+08 [-47.32, 50.71] [-47.12, 51.71] [-46.92, 52.71]
3.791466e+08 [-47.45, -75.89] [-47.25, -74.89] [-47.05, -73.89]
3.936258e+08 [-47.38, 154.94] [-47.18, 155.94] [-46.98, 156.94]
4.086579e+08 [-46.59, 23.50] [-46.39, 24.50] [-46.19, 25.50]
4.242641e+08 [-45.98, -114.35] [-45.78, -113.35] [-45.58, -112.35]
4.404662e+08 [-46.43, 99.80] [-46.23, 100.80] [-46.03, 101.80]
4.572871e+08 [-46.40, -53.35] [-46.20, -52.35] [-46.00, -51.35]
4.747504e+08 [-45.50, 149.10] [-45.30, 150.10] [-45.10, 151.10]
4.928806e+08 [-45.52, -11.26] [-45.32, -10.26] [-45.12, -9.26]
5.117031e+08 [-45.64, -180.57] [-45.44, -179.57] [-45.24, -178.57]
5.312445e+08 [-45.04, 0.90] [-44.84, 1.90] [-44.64, 2.90]
5.515321e+08 [-44.93, -178.49] [-44.73, -177.49] [-44.53, -176.49]
5.725945e+08 [-44.87, -5.71] [-44.67, -4.71] [-44.47, -3.71]
5.944612e+08 [-44.37, 157.52] [-44.17, 158.52] [-43.97, 159.52]
6.171630e+08 [-44.41, -44.91] [-44.21, -43.91] [-44.01, -42.91]
6.407317e+08 [-44.36, 101.02] [-44.16, 102.02] [-43.96, 103.02]
6.652006e+08 [-43.83, -116.39] [-43.63, -115.39] [-43.43, -114.39]
6.906038e+08 [-44.32, 11.32] [-44.12, 12.32] [-43.92, 13.32]
7.169772e+08 [-43.49, 137.78] [-43.29, 138.78] [-43.09, 139.78]
7.443577e+08 [-43.61, -101.44] [-43.41, -100.44] [-43.21, -99.44]
7.727839e+08 [-43.41, -0.36] [-43.21, 0.64] [-43.01, 1.64]
8.022956e+08 [-43.80, 91.09] [-43.60, 92.09] [-43.40, 93.09]
8.329344e+08 [-42.88, -179.86] [-42.68, -178.86] [-42.48, -177.86]
8.647432e+08 [-43.67, -105.26] [-43.47, -104.26] [-43.27, -103.26]
8.977667e+08 [-42.82, -42.62] [-42.62, -41.62] [-42.42, -40.62]
9.320514e+08 [-43.31, 15.09] [-43.11, 16.09] [-42.91, 17.09]
9.676454e+08 [-43.28, 48.13] [-43.08, 49.13] [-42.88, 50.13]
1.004599e+09 [-42.97, 78.20] [-42.77, 79.20] [-42.57, 80.20]
1.042963e+09 [-43.08, 97.93] [-42.88, 98.93] [-42.68, 99.93]
1.082793e+09 [-43.19, 99.65] [-42.99, 100.65] [-42.79, 101.65]
1.124143e+09 [-43.39, 77.67] [-43.19, 78.67] [-42.99, 79.67]
1.167073e+09 [-43.11, 65.44] [-42.91, 66.44] [-42.71, 67.44]
1.211642e+09 [-43.43, 15.88] [-43.23, 16.88] [-43.03, 17.88]
1.257913e+09 [-43.41, -36.68] [-43.21, -35.68] [-43.01, -34.68]
1.305952e+09 [-43.54, -114.75] [-43.34, -113.75] [-43.14, -112.75]
1.355825e+09 [-43.62, 164.28] [-43.42, 165.28] [-43.22, 166.28]
1.407602e+09 [-43.75, 56.95] [-43.55, 57.95] [-43.35, 58.95]
1.461357e+09 [-43.72, -69.44] [-43.52, -68.44] [-43.32, -67.44]
1.517164e+09 [-44.13, 150.09] [-43.93, 151.09] [-43.73, 152.09]
1.575103e+09 [-43.96, -9.90] [-43.76, -8.90] [-43.56, -7.90]
1.635254e+09 [-44.26, 159.79] [-44.06, 160.79] [-43.86, 161.79]
1.697703e+09 [-44.67, -41.90] [-44.47, -40.90] [-44.27, -39.90]
1.762536e+09 [-44.58, 96.23] [-44.38, 97.23] [-44.18, 98.23]
1.829845e+09 [-44.62, -151.76] [-44.42, -150.76] [-44.22, -149.76]
1.899725e+09 [-44.73, -65.84] [-44.53, -64.84] [-44.33, -63.84]
1.972273e+09 [-44.69, -3.30] [-44.49, -2.30] [-44.29, -1.30]
2.047592e+09 [-44.29, 39.31] [-44.09, 40.31] [-43.89, 41.31]
2.125787e+09 [-44.70, 55.60] [-44.50, 56.60] [-44.30, 57.60]
2.206969e+09 [-44.68, 34.82] [-44.48, 35.82] [-44.28, 36.82]
2.291250e+09 [-44.23, 6.59] [-44.03, 7.59] [-43.83, 8.59]
2.378751e+09 [-45.18, -74.29] [-44.98, -73.29] [-44.78, -72.29]
2.469592e+09 [-44.40, -160.33] [-44.20, -159.33] [-44.00, -158.33]
2.563903e+09 [-44.91, 66.97] [-44.71, 67.97] [-44.51, 68.97]
2.661816e+09 [-45.75, -99.70] [-45.55, -98.70] [-45.35, -97.70]
2.763468e+09 [-45.29, 69.88] [-45.09, 70.88] [-44.89, 71.88]
2.869001e+09 [-45.26, -167.26] [-45.06, -166.26] [-44.86, -165.26]
2.978565e+09 [-45.69, -85.96] [-45.49, -84.96] [-45.29, -83.96]
3.092313e+09 [-46.14, -36.45] [-45.94, -35.45] [-45.74, -34.45]
3.210405e+09 [-46.37, -19.87] [-46.17, -18.87] [-45.97, -17.87]
3.333007e+09 [-46.03, -51.54] [-45.83, -50.54] [-45.63, -49.54]
3.460290e+09 [-45.50, -123.20] [-45.30, -122.20] [-45.10, -121.20]
3.592435e+09 [-45.39, 126.14] [-45.19, 127.14] [-44.99, 128.14]
3.729626e+09 [-46.58, -28.78] [-46.38, -27.78] [-46.18, -26.78]
3.872056e+09 [-45.83, 108.72] [-45.63, 109.72] [-45.43, 110.72]
4.019925e+09 [-46.61, -142.14] [-46.41, -141.14] [-46.21, -140.14]
4.173442e+09 [-45.39, -119.39] [-45.19, -118.39] [-44.99, -117.39]
4.332821e+09 [-43.93, -129.03] [-43.73, -128.03] [-43.53, -127.03]
4.498286e+09 [-42.05, -179.35] [-41.85, -178.35] [-41.65, -177.35]
4.670071e+09 [-39.14, 69.63] [-38.94, 70.63] [-38.74, 71.63]
4.848415e+09 [-37.08, -91.33] [-36.88, -90.33] [-36.68, -89.33]
5.033571e+09 [-35.39, 51.72] [-35.19, 52.72] [-34.99, 53.72]
5.225797e+09 [-34.26, 120.28] [-34.06, 121.28] [-33.86, 122.28]
5.425364e+09 [-34.12, 136.52] [-33.92, 137.52] [-33.72, 138.52]
5.632553e+09 [-32.93, 63.27] [-32.73, 64.27] [-32.53, 65.27]
5.847653e+09 [-33.68, -28.76] [-33.48, -27.76] [-33.28, -26.76]
6.070969e+09 [-32.74, 122.03] [-32.54, 123.03] [-32.34, 124.03]
6.302812e+09 [-33.75, -159.41] [-33.55, -158.41] [-33.35, -157.41]
6.543509e+09 [-34.11, 177.90] [-33.91, 178.90] [-33.71, 179.90]
6.793398e+09 [-34.92, 105.07] [-34.72, 106.07] [-34.52, 107.07]
7.052830e+09 [-38.61, -37.31] [-38.41, -36.31] [-38.21, -35.31]
7.322170e+09 [-40.56, -9.93] [-40.36, -8.93] [-40.16, -7.93]
7.601795e+09 [-51.24, 26.61] [-51.04, 27.61] [-50.84, 28.61]
7.892099e+09 [-59.17, -123.34] [-58.97, -122.34] [-58.77, -121.34]
8.193489e+09 [-51.57, -119.92] [-51.37, -118.92] [-51.17, -117.92]
8.506389e+09 [-63.74, -161.19] [-63.54, -160.19] [-63.34, -159.19]
8.831239e+09 [-51.15, 155.91] [-50.95, 156.91] [-50.75, 157.91]
9.168493e+09 [-50.52, -103.51] [-50.32, -102.51] [-50.12, -101.51]
9.518628e+09 [-50.57, -46.32] [-50.37, -45.32] [-50.17, -44.32]
9.882133e+09 [-56.52, -27.42] [-56.32, -26.42] [-56.12, -25.42]
1.025952e+10 [-50.79, 29.00] [-50.59, 30.00] [-50.39, 31.00]
1.065132e+10 [-44.62, -170.67] [-44.42, -169.67] [-44.22, -168.67]
1.105808e+10 [-41.57, 113.82] [-41.37, 114.82] [-41.17, 115.82]
1.148038e+10 [-42.18, -26.19] [-41.98, -25.19] [-41.78, -24.19]
1.191880e+10 [-48.59, 128.23] [-48.39, 129.23] [-48.19, 130.23]
1.237396e+10 [-41.47, -35.17] [-41.27, -34.17] [-41.07, -33.17]
1.284651e+10 [-42.91, 52.68] [-42.71, 53.68] [-42.51, 54.68]
1.333711e+10 [-37.13, 70.41] [-36.93, 71.41] [-36.73, 72.41]
1.384643e+10 [-37.67, -40.28] [-37.47, -39.28] [-37.27, -38.28]
1.437521e+10 [-42.05, -149.50] [-41.85, -148.50] [-41.65, -147.50]
1.492419e+10 [-42.92, 53.37] [-42.72, 54.37] [-42.52, 55.37]
1.549412e+10 [-41.82, -74.48] [-41.62, -73.48] [-41.42, -72.48]
1.608583e+10 [-61.17, -105.73] [-60.97, -104.73] [-60.77, -103.73]
1.670013e+10 [-52.26, 108.39] [-52.06, 109.39] [-51.86, 110.39]
1.733789e+10 [-36.83, 65.33] [-36.63, 66.33] [-36.43, 67.33]
1.800000e+10 [-40.50, -122.11] [-40.30, -121.11] [-40.10, -120.11]
