FUNIT: Hz
UNIT: dB
0.0 [-0.2, -1.0] [0.0, 0.0] [0.2, +1.0]
1.000000e+07 [-0.45, -38.04] [-0.25, -37.04] [-0.05, -36.04]
1.038189e+07 [0.19, -38.62] [0.39, -37.62] [0.59, -36.62]
1.077836e+07 [-0.24, -43.05] [-0.04, -42.05] [0.16, -41.05]
1.118997e+07 [0.06, -42.20] [0.26, -41.20] [0.46, -40.20]
1.161731e+07 [-0.01, -44.79] [0.19, -43.79] [0.39, -42.79]
1.206096e+07 [-0.61, -43.42] [-0.41, -42.42] [-0.21, -41.42]
1.252155e+07 [-0.35, -45.61] [-0.15, -44.61] [0.05, -43.61]
1.299974e+07 [-0.11, -49.78] [0.09, -48.78] [0.29, -47.78]
1.349618e+07 [-0.31, -50.99] [-0.11, -49.99] [0.09, -48.99]
1.401158e+07 [-0.28, -52.89] [-0.08, -51.89] [0.12, -50.89]
1.454667e+07 [-0.16, -53.28] [0.04, -52.28] [0.24, -51.28]
1.510219e+07 [-0.14, -56.72] [0.06, -55.72] [0.26, -54.72]
1.567893e+07 [-0.48, -57.94] [-0.28, -56.94] [-0.08, -55.94]
1.627769e+07 [-0.31, -61.74] [-0.11, -60.74] [0.09, -59.74]
1.689931e+07 [-0.27, -63.96] [-0.07, -62.96] [0.13, -61.96]
1.754468e+07 [-0.38, -66.36] [-0.18, -65.36] [0.02, -64.36]
1.821469e+07 [-0.52, -69.67] [-0.32, -68.67] [-0.12, -67.67]
1.891029e+07 [-0.26, -71.12] [-0.06, -70.12] [0.14, -69.12]
1.963245e+07 [-0.29, -72.38] [-0.09, -71.38] [0.11, -70.38]
2.038219e+07 [-0.24, -75.68] [-0.04, -74.68] [0.16, -73.68]
2.116056e+07 [-0.31, -77.77] [-0.11, -76.77] [0.09, -75.77]
2.196866e+07 [-0.27, -80.65] [-0.07, -79.65] [0.13, -78.65]
2.280762e+07 [-0.44, -83.84] [-0.24, -82.84] [-0.04, -81.84]
2.367862e+07 [-0.25, -88.05] [-0.05, -87.05] [0.15, -86.05]
2.458288e+07 [-0.50, -90.25] [-0.30, -89.25] [-0.10, -88.25]
2.552167e+07 [-0.27, -93.40] [-0.07, -92.40] [0.13, -91.40]
2.649631e+07 [-0.36, -96.89] [-0.16, -95.89] [0.04, -94.89]
2.750818e+07 [-0.38, -99.43] [-0.18, -98.43] [0.02, -97.43]
2.855868e+07 [-0.26, -105.34] [-0.06, -104.34] [0.14, -103.34]
2.964930e+07 [-0.12, -107.94] [0.08, -106.94] [0.28, -105.94]
3.078158e+07 [-0.40, -113.06] [-0.20, -112.06] [-0.00, -111.06]
3.195709e+07 [-0.34, -116.88] [-0.14, -115.88] [0.06, -114.88]
3.317750e+07 [-0.18, -121.55] [0.02, -120.55] [0.22, -119.55]
3.444451e+07 [-0.19, -125.20] [0.01, -124.20] [0.21, -123.20]
3.575990e+07 [-0.40, -131.03] [-0.20, -130.03] [-0.00, -129.03]
3.712553e+07 [-0.45, -134.90] [-0.25, -133.90] [-0.05, -132.90]
3.854331e+07 [-0.50, -140.12] [-0.30, -139.12] [-0.10, -138.12]
4.001524e+07 [-0.29, -146.35] [-0.09, -145.35] [0.11, -144.35]
4.154338e+07 [-0.47, -151.79] [-0.27, -150.79] [-0.07, -149.79]
4.312987e+07 [-0.39, -156.43] [-0.19, -155.43] [0.01, -154.43]
4.477695e+07 [-0.48, -163.01] [-0.28, -162.01] [-0.08, -161.01]
4.648693e+07 [-0.33, -169.44] [-0.13, -168.44] [0.07, -167.44]
4.826221e+07 [-0.48, -176.61] [-0.28, -175.61] [-0.08, -174.61]
5.010529e+07 [-0.34, 177.53] [-0.14, 178.53] [0.06, 179.53]
5.201875e+07 [-0.32, 170.45] [-0.12, 171.45] [0.08, 172.45]
5.400529e+07 [-0.44, 163.65] [-0.24, 164.65] [-0.04, 165.65]
5.606769e+07 [-0.41, 155.86] [-0.21, 156.86] [-0.01, 157.86]
5.820885e+07 [-0.44, 147.64] [-0.24, 148.64] [-0.04, 149.64]
6.043178e+07 [-0.36, 140.08] [-0.16, 141.08] [0.04, 142.08]
6.273960e+07 [-0.51, 132.11] [-0.31, 133.11] [-0.11, 134.11]
6.513556e+07 [-0.50, 123.63] [-0.30, 124.63] [-0.10, 125.63]
6.762301e+07 [-0.39, 115.00] [-0.19, 116.00] [0.01, 117.00]
7.020545e+07 [-0.49, 105.02] [-0.29, 106.02] [-0.09, 107.02]
7.288652e+07 [-0.41, 95.14] [-0.21, 96.14] [-0.01, 97.14]
7.566997e+07 [-0.48, 85.46] [-0.28, 86.46] [-0.08, 87.46]
7.855972e+07 [-0.53, 74.98] [-0.33, 75.98] [-0.13, 76.98]
8.155983e+07 [-0.43, 63.82] [-0.23, 64.82] [-0.03, 65.82]
8.467450e+07 [-0.42, 52.84] [-0.22, 53.84] [-0.02, 54.84]
8.790813e+07 [-0.47, 41.28] [-0.27, 42.28] [-0.07, 43.28]
9.126524e+07 [-0.54, 29.44] [-0.34, 30.44] [-0.14, 31.44]
9.475055e+07 [-0.46, 16.82] [-0.26, 17.82] [-0.06, 18.82]
9.836897e+07 [-0.49, 3.84] [-0.29, 4.84] [-0.09, 5.84]
1.021256e+08 [-0.51, -9.84] [-0.31, -8.84] [-0.11, -7.84]
1.060256e+08 [-0.51, -23.97] [-0.31, -22.97] [-0.11, -21.97]
1.100746e+08 [-0.53, -38.29] [-0.33, -37.29] [-0.13, -36.29]
1.142782e+08 [-0.52, -53.56] [-0.32, -52.56] [-0.12, -51.56]
1.186424e+08 [-0.52, -69.26] [-0.32, -68.26] [-0.12, -67.26]
1.231732e+08 [-0.53, -85.57] [-0.33, -84.57] [-0.13, -83.57]
1.278771e+08 [-0.59, -102.40] [-0.39, -101.40] [-0.19, -100.40]
1.327605e+08 [-0.54, -120.07] [-0.34, -119.07] [-0.14, -118.07]
1.378305e+08 [-0.57, -138.50] [-0.37, -137.50] [-0.17, -136.50]
1.430941e+08 [-0.56, -157.12] [-0.36, -156.12] [-0.16, -155.12]
1.485587e+08 [-0.56, -176.84] [-0.36, -175.84] [-0.16, -174.84]
1.542320e+08 [-0.55, 162.57] [-0.35, 163.57] [-0.15, 164.57]
1.601219e+08 [-0.59, 141.37] [-0.39, 142.37] [-0.19, 143.37]
1.662368e+08 [-0.58, 119.42] [-0.38, 120.42] [-0.18, 121.42]
1.725852e+08 [-0.59, 96.69] [-0.39, 97.69] [-0.19, 98.69]
1.791760e+08 [-0.61, 72.82] [-0.41, 73.82] [-0.21, 74.82]
1.860186e+08 [-0.60, 48.22] [-0.40, 49.22] [-0.20, 50.22]
1.931224e+08 [-0.62, 22.71] [-0.42, 23.71] [-0.22, 24.71]
2.004975e+08 [-0.64, -3.89] [-0.44, -2.89] [-0.24, -1.89]
2.081543e+08 [-0.66, -31.46] [-0.46, -30.46] [-0.26, -29.46]
2.161035e+08 [-0.65, -60.00] [-0.45, -59.00] [-0.25, -58.00]
2.243562e+08 [-0.66, -89.77] [-0.46, -88.77] [-0.26, -87.77]
2.329241e+08 [-0.65, -120.50] [-0.45, -119.50] [-0.25, -118.50]
2.418192e+08 [-0.69, -152.59] [-0.49, -151.59] [-0.29, -150.59]
2.510540e+08 [-0.70, 174.20] [-0.50, 175.20] [-0.30, 176.20]
2.606415e+08 [-0.68, 139.64] [-0.48, 140.64] [-0.28, 141.64]
2.705951e+08 [-0.70, 103.89] [-0.50, 104.89] [-0.30, 105.89]
2.809288e+08 [-0.71, 66.71] [-0.51, 67.71] [-0.31, 68.71]
2.916571e+08 [-0.75, 28.12] [-0.55, 29.12] [-0.35, 30.12]
3.027952e+08 [-0.74, -12.01] [-0.54, -11.01] [-0.34, -10.01]
3.143586e+08 [-0.74, -53.53] [-0.54, -52.53] [-0.34, -51.53]
3.263636e+08 [-0.77, -96.82] [-0.57, -95.82] [-0.37, -94.82]
3.388271e+08 [-0.78, -141.61] [-0.58, -140.61] [-0.38, -139.61]
3.517665e+08 [-0.81, 171.94] [-0.61, 172.94] [-0.41, 173.94]
3.652000e+08 [-0.81, 123.75] [-0.61, 124.75] [-0.41, 125.75]
3.791466e+08 [-0.81, 73.63] [-0.61, 74.63] [-0.41, 75.63]
3.936258e+08 [-0.82, 21.47] [-0.62, 22.47] [-0.42, 23.47]
4.086579e+08 [-0.85, -32.70] [-0.65, -31.70] [-0.45, -30.70]
4.242641e+08 [-0.86, -88.75] [-0.66, -87.75] [-0.46, -86.75]
4.404662e+08 [-0.87, -146.96] [-0.67, -145.96] [-0.47, -144.96]
4.572871e+08 [-0.90, 152.52] [-0.70, 153.52] [-0.50, 154.52]
4.747504e+08 [-0.90, 89.72] [-0.70, 90.72] [-0.50, 91.72]
4.928806e+08 [-0.93, 24.72] [-0.73, 25.72] [-0.53, 26.72]
5.117031e+08 [-0.93, -42.94] [-0.73, -41.94] [-0.53, -40.94]
5.312445e+08 [-0.94, -113.22] [-0.74, -112.22] [-0.54, -111.22]
5.515321e+08 [-0.95, 173.67] [-0.75, 174.67] [-0.55, 175.67]
5.725945e+08 [-0.98, 97.98] [-0.78, 98.98] [-0.58, 99.98]
5.944612e+08 [-1.00, 19.36] [-0.80, 20.36] [-0.60, 21.36]
6.171630e+08 [-1.02, -62.27] [-0.82, -61.27] [-0.62, -60.27]
6.407317e+08 [-1.04, -146.99] [-0.84, -145.99] [-0.64, -144.99]
6.652006e+08 [-1.05, 125.12] [-0.85, 126.12] [-0.65, 127.12]
6.906038e+08 [-1.05, 33.80] [-0.85, 34.80] [-0.65, 35.80]
7.169772e+08 [-1.08, -61.07] [-0.88, -60.07] [-0.68, -59.07]
7.443577e+08 [-1.10, -159.44] [-0.90, -158.44] [-0.70, -157.44]
7.727839e+08 [-1.12, 98.29] [-0.92, 99.29] [-0.72, 100.29]
8.022956e+08 [-1.15, -7.84] [-0.95, -6.84] [-0.75, -5.84]
8.329344e+08 [-1.19, -117.91] [-0.99, -116.91] [-0.79, -115.91]
8.647432e+08 [-1.23, 127.85] [-1.03, 128.85] [-0.83, 129.85]
8.977667e+08 [-1.23, 9.36] [-1.03, 10.36] [-0.83, 11.36]
9.320514e+08 [-1.23, -114.09] [-1.03, -113.09] [-0.83, -112.09]
9.676454e+08 [-1.28, 117.99] [-1.08, 118.99] [-0.88, 119.99]
1.004599e+09 [-1.31, -14.83] [-1.11, -13.83] [-0.91, -12.83]
1.042963e+09 [-1.34, -152.49] [-1.14, -151.49] [-0.94, -150.49]
1.082793e+09 [-1.33, 64.20] [-1.13, 65.20] [-0.93, 66.20]
1.124143e+09 [-1.38, -84.43] [-1.18, -83.43] [-0.98, -82.43]
1.167073e+09 [-1.41, 121.08] [-1.21, 122.08] [-1.01, 123.08]
1.211642e+09 [-1.47, -39.16] [-1.27, -38.16] [-1.07, -37.16]
1.257913e+09 [-1.59, 155.05] [-1.39, 156.05] [-1.19, 157.05]
1.305952e+09 [-1.48, -17.34] [-1.28, -16.34] [-1.08, -15.34]
1.355825e+09 [-1.55, 162.81] [-1.35, 163.81] [-1.15, 164.81]
1.407602e+09 [-1.69, -22.81] [-1.49, -21.81] [-1.29, -20.81]
1.461357e+09 [-1.56, 144.25] [-1.36, 145.25] [-1.16, 146.25]
1.517164e+09 [-1.66, -56.92] [-1.46, -55.92] [-1.26, -54.92]
1.575103e+09 [-1.79, 95.30] [-1.59, 96.30] [-1.39, 97.30]
1.635254e+09 [-1.79, -120.87] [-1.59, -119.87] [-1.39, -118.87]
1.697703e+09 [-1.74, 14.87] [-1.54, 15.87] [-1.34, 16.87]
1.762536e+09 [-1.86, 141.54] [-1.66, 142.54] [-1.46, 143.54]
1.829845e+09 [-1.87, -99.49] [-1.67, -98.49] [-1.47, -97.49]
1.899725e+09 [-1.96, 8.56] [-1.76, 9.56] [-1.56, 10.56]
1.972273e+09 [-2.10, 108.57] [-1.90, 109.57] [-1.70, 110.57]
2.047592e+09 [-2.08, -162.01] [-1.88, -161.01] [-1.68, -160.01]
2.125787e+09 [-2.17, -83.62] [-1.97, -82.62] [-1.77, -81.62]
2.206969e+09 [-2.20, -14.20] [-2.00, -13.20] [-1.80, -12.20]
2.291250e+09 [-2.33, 41.98] [-2.13, 42.98] [-1.93, 43.98]
2.378751e+09 [-2.29, 88.50] [-2.09, 89.50] [-1.89, 90.50]
2.469592e+09 [-2.45, 121.55] [-2.25, 122.55] [-2.05, 123.55]
2.563903e+09 [-2.46, 143.65] [-2.26, 144.65] [-2.06, 145.65]
2.661816e+09 [-2.59, 150.91] [-2.39, 151.91] [-2.19, 152.91]
2.763468e+09 [-2.63, 146.21] [-2.43, 147.21] [-2.23, 148.21]
2.869001e+09 [-2.80, 127.36] [-2.60, 128.36] [-2.40, 129.36]
2.978565e+09 [-2.86, 93.79] [-2.66, 94.79] [-2.46, 95.79]
3.092313e+09 [-2.84, 45.16] [-2.64, 46.16] [-2.44, 47.16]
3.210405e+09 [-3.31, -19.05] [-3.11, -18.05] [-2.91, -17.05]
3.333007e+09 [-3.04, -99.15] [-2.84, -98.15] [-2.64, -97.15]
3.460290e+09 [-3.07, 163.75] [-2.87, 164.75] [-2.67, 165.75]
3.592435e+09 [-3.65, 49.49] [-3.45, 50.49] [-3.25, 51.49]
3.729626e+09 [-3.45, -84.04] [-3.25, -83.04] [-3.05, -82.04]
3.872056e+09 [-3.52, 123.42] [-3.32, 124.42] [-3.12, 125.42]
4.019925e+09 [-3.73, -45.80] [-3.53, -44.80] [-3.33, -43.80]
4.173442e+09 [-3.89, 121.27] [-3.69, 122.27] [-3.49, 123.27]
4.332821e+09 [-4.32, -90.58] [-4.12, -89.58] [-3.92, -88.58]
4.498286e+09 [-4.27, 35.76] [-4.07, 36.76] [-3.87, 37.76]
4.670071e+09 [-4.37, 137.40] [-4.17, 138.40] [-3.97, 139.40]
4.848415e+09 [-4.77, -143.29] [-4.57, -142.29] [-4.37, -141.29]
5.033571e+09 [-4.98, -88.41] [-4.78, -87.41] [-4.58, -86.41]
5.225797e+09 [-5.36, -58.33] [-5.16, -57.33] [-4.96, -56.33]
5.425364e+09 [-5.54, -54.54] [-5.34, -53.54] [-5.14, -52.54]
5.632553e+09 [-5.90, -80.20] [-5.70, -79.20] [-5.50, -78.20]
5.847653e+09 [-6.43, -132.81] [-6.23, -131.81] [-6.03, -130.81]
6.070969e+09 [-6.78, 149.83] [-6.58, 150.83] [-6.38, 151.83]
6.302812e+09 [-7.56, 37.71] [-7.36, 38.71] [-7.16, 39.71]
6.543509e+09 [-7.54, -112.41] [-7.34, -111.41] [-7.14, -110.41]
6.793398e+09 [-8.06, 72.21] [-7.86, 73.21] [-7.66, 74.21]
7.052830e+09 [-8.75, -134.32] [-8.55, -133.32] [-8.35, -132.32]
7.322170e+09 [-9.67, -27.98] [-9.47, -26.98] [-9.27, -25.98]
7.601795e+09 [-10.00, 53.73] [-9.80, 54.73] [-9.60, 55.73]
7.892099e+09 [-10.31, 95.59] [-10.11, 96.59] [-9.91, 97.59]
8.193489e+09 [-11.10, 95.77] [-10.90, 96.77] [-10.70, 97.77]
8.506389e+09 [-13.21, 49.66] [-13.01, 50.66] [-12.81, 51.66]
8.831239e+09 [-13.59, -25.36] [-13.39, -24.36] [-13.19, -23.36]
9.168493e+09 [-15.99, -152.81] [-15.79, -151.81] [-15.59, -150.81]
9.518628e+09 [-16.47, 32.83] [-16.27, 33.83] [-16.07, 34.83]
9.882133e+09 [-17.12, 177.12] [-16.92, 178.12] [-16.72, 179.12]
1.025952e+10 [-18.28, -81.10] [-18.08, -80.10] [-17.88, -79.10]
1.065132e+10 [-18.32, -38.45] [-18.12, -37.45] [-17.92, -36.45]
1.105808e+10 [-17.05, -43.69] [-16.85, -42.69] [-16.65, -41.69]
1.148038e+10 [-14.85, -118.33] [-14.65, -117.33] [-14.45, -116.33]
1.191880e+10 [-14.97, 108.85] [-14.77, 109.85] [-14.57, 110.85]
1.237396e+10 [-15.46, -73.42] [-15.26, -72.42] [-15.06, -71.42]
1.284651e+10 [-14.09, 32.10] [-13.89, 33.10] [-13.69, 34.10]
1.333711e+10 [-13.16, 70.68] [-12.96, 71.68] [-12.76, 72.68]
1.384643e+10 [-13.77, 50.60] [-13.57, 51.60] [-13.37, 52.60]
1.437521e+10 [-11.93, -48.39] [-11.73, -47.39] [-11.53, -46.39]
1.492419e+10 [-13.67, 142.15] [-13.47, 143.15] [-13.27, 144.15]
1.549412e+10 [-11.44, -105.47] [-11.24, -104.47] [-11.04, -103.47]
1.608583e+10 [-12.41, -54.78] [-12.21, -53.78] [-12.01, -52.78]
1.670013e+10 [-12.01, -108.17] [-11.81, -107.17] [-11.61, -106.17]
1.733789e+10 [-10.23, 121.71] [-10.03, 122.71] [-9.83, 123.71]
1.800000e+10 [-9.70, -95.10] [-9.50, -94.10] [-9.30, -93.10]
