FUNIT: Hz
UNIT: dB
1.000000e+07 [-0.35, -30.65] [-0.15, -29.65] [0.05, -28.65]
1.038189e+07 [-0.53, -35.35] [-0.33, -34.35] [-0.13, -33.35]
1.077836e+07 [-0.27, -29.79] [-0.07, -28.79] [0.13, -27.79]
1.118997e+07 [-0.12, -35.72] [0.08, -34.72] [0.28, -33.72]
1.161731e+07 [0.08, -37.79] [0.28, -36.79] [0.48, -35.79]
1.206096e+07 [-0.39, -37.48] [-0.19, -36.48] [0.01, -35.48]
1.252155e+07 [-0.21, -38.11] [-0.01, -37.11] [0.19, -36.11]
1.299974e+07 [-0.21, -41.80] [-0.01, -40.80] [0.19, -39.80]
1.349618e+07 [-0.39, -39.94] [-0.19, -38.94] [0.01, -37.94]
1.401158e+07 [-0.04, -43.22] [0.16, -42.22] [0.36, -41.22]
1.454667e+07 [-0.06, -44.53] [0.14, -43.53] [0.34, -42.53]
1.510219e+07 [-0.30, -48.04] [-0.10, -47.04] [0.10, -46.04]
1.567893e+07 [-0.09, -47.92] [0.11, -46.92] [0.31, -45.92]
1.627769e+07 [-0.41, -50.87] [-0.21, -49.87] [-0.01, -48.87]
1.689931e+07 [-0.19, -52.52] [0.01, -51.52] [0.21, -50.52]
1.754468e+07 [-0.29, -54.16] [-0.09, -53.16] [0.11, -52.16]
1.821469e+07 [0.12, -55.89] [0.32, -54.89] [0.52, -53.89]
1.891029e+07 [-0.55, -58.62] [-0.35, -57.62] [-0.15, -56.62]
1.963245e+07 [-0.40, -59.37] [-0.20, -58.37] [0.00, -57.37]
2.038219e+07 [-0.32, -62.54] [-0.12, -61.54] [0.08, -60.54]
2.116056e+07 [-0.33, -67.45] [-0.13, -66.45] [0.07, -65.45]
2.196866e+07 [-0.31, -67.41] [-0.11, -66.41] [0.09, -65.41]
2.280762e+07 [-0.38, -68.94] [-0.18, -67.94] [0.02, -66.94]
2.367862e+07 [-0.42, -72.92] [-0.22, -71.92] [-0.02, -70.92]
2.458288e+07 [-0.28, -75.70] [-0.08, -74.70] [0.12, -73.70]
2.552167e+07 [-0.44, -77.68] [-0.24, -76.68] [-0.04, -75.68]
2.649631e+07 [-0.55, -81.03] [-0.35, -80.03] [-0.15, -79.03]
2.750818e+07 [-0.27, -84.42] [-0.07, -83.42] [0.13, -82.42]
2.855868e+07 [-0.29, -87.84] [-0.09, -86.84] [0.11, -85.84]
2.964930e+07 [-0.28, -90.96] [-0.08, -89.96] [0.12, -88.96]
3.078158e+07 [-0.26, -94.78] [-0.06, -93.78] [0.14, -92.78]
3.195709e+07 [-0.50, -96.50] [-0.30, -95.50] [-0.10, -94.50]
3.317750e+07 [-0.17, -101.23] [0.03, -100.23] [0.23, -99.23]
3.444451e+07 [-0.23, -103.97] [-0.03, -102.97] [0.17, -101.97]
3.575990e+07 [-0.29, -109.71] [-0.09, -108.71] [0.11, -107.71]
3.712553e+07 [-0.31, -113.00] [-0.11, -112.00] [0.09, -111.00]
3.854331e+07 [-0.38, -117.17] [-0.18, -116.17] [0.02, -115.17]
4.001524e+07 [-0.28, -121.02] [-0.08, -120.02] [0.12, -119.02]
4.154338e+07 [-0.31, -125.96] [-0.11, -124.96] [0.09, -123.96]
4.312987e+07 [-0.33, -131.63] [-0.13, -130.63] [0.07, -129.63]
4.477695e+07 [-0.46, -135.70] [-0.26, -134.70] [-0.06, -133.70]
4.648693e+07 [-0.26, -141.74] [-0.06, -140.74] [0.14, -139.74]
4.826221e+07 [-0.27, -145.95] [-0.07, -144.95] [0.13, -143.95]
5.010529e+07 [-0.41, -151.81] [-0.21, -150.81] [-0.01, -149.81]
5.201875e+07 [-0.35, -157.53] [-0.15, -156.53] [0.05, -155.53]
5.400529e+07 [-0.31, -163.84] [-0.11, -162.84] [0.09, -161.84]
5.606769e+07 [-0.37, -170.04] [-0.17, -169.04] [0.03, -168.04]
5.820885e+07 [-0.32, -176.31] [-0.12, -175.31] [0.08, -174.31]
6.043178e+07 [-0.39, 176.98] [-0.19, 177.98] [0.01, 178.98]
6.273960e+07 [-0.39, 170.12] [-0.19, 171.12] [0.01, 172.12]
6.513556e+07 [-0.37, 162.67] [-0.17, 163.67] [0.03, 164.67]
6.762301e+07 [-0.38, 155.23] [-0.18, 156.23] [0.02, 157.23]
7.020545e+07 [-0.39, 147.41] [-0.19, 148.41] [0.01, 149.41]
7.288652e+07 [-0.39, 139.72] [-0.19, 140.72] [0.01, 141.72]
7.566997e+07 [-0.42, 131.11] [-0.22, 132.11] [-0.02, 133.11]
7.855972e+07 [-0.40, 123.00] [-0.20, 124.00] [0.00, 125.00]
8.155983e+07 [-0.38, 113.24] [-0.18, 114.24] [0.02, 115.24]
8.467450e+07 [-0.39, 104.02] [-0.19, 105.02] [0.01, 106.02]
8.790813e+07 [-0.47, 94.22] [-0.27, 95.22] [-0.07, 96.22]
9.126524e+07 [-0.43, 84.50] [-0.23, 85.50] [-0.03, 86.50]
9.475055e+07 [-0.44, 74.15] [-0.24, 75.15] [-0.04, 76.15]
9.836897e+07 [-0.46, 62.55] [-0.26, 63.55] [-0.06, 64.55]
1.021256e+08 [-0.45, 51.52] [-0.25, 52.52] [-0.05, 53.52]
1.060256e+08 [-0.44, 40.12] [-0.24, 41.12] [-0.04, 42.12]
1.100746e+08 [-0.45, 27.62] [-0.25, 28.62] [-0.05, 29.62]
1.142782e+08 [-0.45, 15.12] [-0.25, 16.12] [-0.05, 17.12]
1.186424e+08 [-0.49, 1.75] [-0.29, 2.75] [-0.09, 3.75]
1.231732e+08 [-0.46, -11.47] [-0.26, -10.47] [-0.06, -9.47]
1.278771e+08 [-0.45, -25.72] [-0.25, -24.72] [-0.05, -23.72]
1.327605e+08 [-0.45, -40.09] [-0.25, -39.09] [-0.05, -38.09]
1.378305e+08 [-0.45, -55.38] [-0.25, -54.38] [-0.05, -53.38]
1.430941e+08 [-0.48, -71.48] [-0.28, -70.48] [-0.08, -69.48]
1.485587e+08 [-0.47, -87.68] [-0.27, -86.68] [-0.07, -85.68]
1.542320e+08 [-0.50, -104.69] [-0.30, -103.69] [-0.10, -102.69]
1.601219e+08 [-0.47, -122.20] [-0.27, -121.20] [-0.07, -120.20]
1.662368e+08 [-0.49, -140.85] [-0.29, -139.85] [-0.09, -138.85]
1.725852e+08 [-0.52, -159.86] [-0.32, -158.86] [-0.12, -157.86]
1.791760e+08 [-0.50, -179.33] [-0.30, -178.33] [-0.10, -177.33]
1.860186e+08 [-0.52, 159.88] [-0.32, 160.88] [-0.12, 161.88]
1.931224e+08 [-0.51, 138.60] [-0.31, 139.60] [-0.11, 140.60]
2.004975e+08 [-0.53, 116.44] [-0.33, 117.44] [-0.13, 118.44]
2.081543e+08 [-0.52, 93.52] [-0.32, 94.52] [-0.12, 95.52]
2.161035e+08 [-0.54, 69.59] [-0.34, 70.59] [-0.14, 71.59]
2.243562e+08 [-0.53, 45.04] [-0.33, 46.04] [-0.13, 47.04]
2.329241e+08 [-0.56, 19.22] [-0.36, 20.22] [-0.16, 21.22]
2.418192e+08 [-0.55, -7.45] [-0.35, -6.45] [-0.15, -5.45]
2.510540e+08 [-0.59, -35.11] [-0.39, -34.11] [-0.19, -33.11]
2.606415e+08 [-0.57, -63.91] [-0.37, -62.91] [-0.17, -61.91]
2.705951e+08 [-0.60, -93.71] [-0.40, -92.71] [-0.20, -91.71]
2.809288e+08 [-0.59, -124.67] [-0.39, -123.67] [-0.19, -122.67]
2.916571e+08 [-0.61, -156.95] [-0.41, -155.95] [-0.21, -154.95]
3.027952e+08 [-0.62, 169.65] [-0.42, 170.65] [-0.22, 171.65]
3.143586e+08 [-0.61, 135.01] [-0.41, 136.01] [-0.21, 137.01]
3.263636e+08 [-0.64, 99.01] [-0.44, 100.01] [-0.24, 101.01]
3.388271e+08 [-0.63, 61.62] [-0.43, 62.62] [-0.23, 63.62]
3.517665e+08 [-0.65, 22.84] [-0.45, 23.84] [-0.25, 24.84]
3.652000e+08 [-0.66, -17.37] [-0.46, -16.37] [-0.26, -15.37]
3.791466e+08 [-0.67, -59.20] [-0.47, -58.20] [-0.27, -57.20]
3.936258e+08 [-0.68, -102.61] [-0.48, -101.61] [-0.28, -100.61]
4.086579e+08 [-0.68, -147.58] [-0.48, -146.58] [-0.28, -145.58]
4.242641e+08 [-0.70, 165.63] [-0.50, 166.63] [-0.30, 167.63]
4.404662e+08 [-0.71, 117.01] [-0.51, 118.01] [-0.31, 119.01]
4.572871e+08 [-0.71, 66.57] [-0.51, 67.57] [-0.31, 68.57]
4.747504e+08 [-0.72, 14.22] [-0.52, 15.22] [-0.32, 16.22]
4.928806e+08 [-0.73, -40.10] [-0.53, -39.10] [-0.33, -38.10]
5.117031e+08 [-0.73, -96.51] [-0.53, -95.51] [-0.33, -94.51]
5.312445e+08 [-0.75, -155.02] [-0.55, -154.02] [-0.35, -153.02]
5.515321e+08 [-0.76, 144.09] [-0.56, 145.09] [-0.36, 146.09]
5.725945e+08 [-0.78, 81.00] [-0.58, 82.00] [-0.38, 83.00]
5.944612e+08 [-0.79, 15.42] [-0.59, 16.42] [-0.39, 17.42]
6.171630e+08 [-0.80, -52.59] [-0.60, -51.59] [-0.40, -50.59]
6.407317e+08 [-0.81, -123.22] [-0.61, -122.22] [-0.41, -121.22]
6.652006e+08 [-0.82, 163.48] [-0.62, 164.48] [-0.42, 165.48]
6.906038e+08 [-0.83, 87.37] [-0.63, 88.37] [-0.43, 89.37]
7.169772e+08 [-0.85, 8.29] [-0.65, 9.29] [-0.45, 10.29]
7.443577e+08 [-0.86, -73.80] [-0.66, -72.80] [-0.46, -71.80]
7.727839e+08 [-0.88, -158.93] [-0.68, -157.93] [-0.48, -156.93]
8.022956e+08 [-0.89, 112.57] [-0.69, 113.57] [-0.49, 114.57]
8.329344e+08 [-0.90, 20.83] [-0.70, 21.83] [-0.50, 22.83]
8.647432e+08 [-0.91, -74.51] [-0.71, -73.51] [-0.51, -72.51]
8.977667e+08 [-0.93, -173.47] [-0.73, -172.47] [-0.53, -171.47]
9.320514e+08 [-0.94, 83.86] [-0.74, 84.86] [-0.54, 85.86]
9.676454e+08 [-0.96, -22.85] [-0.76, -21.85] [-0.56, -20.85]
1.004599e+09 [-0.98, -133.54] [-0.78, -132.54] [-0.58, -131.54]
1.042963e+09 [-0.99, 111.53] [-0.79, 112.53] [-0.59, 113.53]
1.082793e+09 [-1.01, -7.84] [-0.81, -6.84] [-0.61, -5.84]
1.124143e+09 [-1.02, -131.72] [-0.82, -130.72] [-0.62, -129.72]
1.167073e+09 [-1.04, 99.67] [-0.84, 100.67] [-0.64, 101.67]
1.211642e+09 [-1.06, -33.87] [-0.86, -32.87] [-0.66, -31.87]
1.257913e+09 [-1.07, -172.48] [-0.87, -171.48] [-0.67, -170.48]
1.305952e+09 [-1.09, 43.60] [-0.89, 44.60] [-0.69, 45.60]
1.355825e+09 [-1.11, -105.84] [-0.91, -104.84] [-0.71, -103.84]
1.407602e+09 [-1.13, 99.09] [-0.93, 100.09] [-0.73, 101.09]
1.461357e+09 [-1.15, -61.93] [-0.95, -60.93] [-0.75, -59.93]
1.517164e+09 [-1.17, 130.86] [-0.97, 131.86] [-0.77, 132.86]
1.575103e+09 [-1.19, -42.74] [-0.99, -41.74] [-0.79, -40.74]
1.635254e+09 [-1.20, 137.08] [-1.00, 138.08] [-0.80, 139.08]
1.697703e+09 [-1.22, -49.97] [-1.02, -48.97] [-0.82, -47.97]
1.762536e+09 [-1.25, 115.87] [-1.05, 116.87] [-0.85, 117.87]
1.829845e+09 [-1.27, -85.82] [-1.07, -84.82] [-0.87, -83.82]
1.899725e+09 [-1.29, 64.95] [-1.09, 65.95] [-0.89, 66.95]
1.972273e+09 [-1.31, -152.44] [-1.11, -151.44] [-0.91, -150.44]
2.047592e+09 [-1.33, -18.10] [-1.13, -17.10] [-0.93, -16.10]
2.125787e+09 [-1.36, 107.75] [-1.16, 108.75] [-0.96, 109.75]
2.206969e+09 [-1.39, -135.47] [-1.19, -134.47] [-0.99, -133.47]
2.291250e+09 [-1.41, -27.90] [-1.21, -26.90] [-1.01, -25.90]
2.378751e+09 [-1.44, 70.02] [-1.24, 71.02] [-1.04, 72.02]
2.469592e+09 [-1.46, 157.96] [-1.26, 158.96] [-1.06, 159.96]
2.563903e+09 [-1.49, -124.54] [-1.29, -123.54] [-1.09, -122.54]
2.661816e+09 [-1.52, -57.66] [-1.32, -56.66] [-1.12, -55.66]
2.763468e+09 [-1.54, -2.18] [-1.34, -1.18] [-1.14, -0.18]
2.869001e+09 [-1.57, 41.59] [-1.37, 42.59] [-1.17, 43.59]
2.978565e+09 [-1.59, 73.55] [-1.39, 74.55] [-1.19, 75.55]
3.092313e+09 [-1.61, 92.82] [-1.41, 93.82] [-1.21, 94.82]
3.210405e+09 [-1.65, 99.18] [-1.45, 100.18] [-1.25, 101.18]
3.333007e+09 [-1.69, 91.79] [-1.49, 92.79] [-1.29, 93.79]
3.460290e+09 [-1.73, 70.67] [-1.53, 71.67] [-1.33, 72.67]
3.592435e+09 [-1.78, 35.05] [-1.58, 36.05] [-1.38, 37.05]
3.729626e+09 [-1.80, -15.83] [-1.60, -14.83] [-1.40, -13.83]
3.872056e+09 [-1.83, -82.53] [-1.63, -81.53] [-1.43, -80.53]
4.019925e+09 [-1.88, -165.48] [-1.68, -164.48] [-1.48, -163.48]
4.173442e+09 [-1.90, 94.81] [-1.70, 95.81] [-1.50, 96.81]
4.332821e+09 [-1.95, -22.48] [-1.75, -21.48] [-1.55, -20.48]
4.498286e+09 [-2.00, -158.15] [-1.80, -157.15] [-1.60, -156.15]
4.670071e+09 [-2.02, 47.48] [-1.82, 48.48] [-1.62, 49.48]
4.848415e+09 [-2.06, -126.61] [-1.86, -125.61] [-1.66, -124.61]
5.033571e+09 [-2.12, 38.82] [-1.92, 39.82] [-1.72, 40.82]
5.225797e+09 [-2.17, -177.05] [-1.97, -176.05] [-1.77, -175.05]
5.425364e+09 [-2.19, -54.40] [-1.99, -53.40] [-1.79, -52.40]
5.632553e+09 [-2.25, 45.17] [-2.05, 46.17] [-1.85, 47.17]
5.847653e+09 [-2.33, 121.04] [-2.13, 122.04] [-1.93, 123.04]
6.070969e+09 [-2.37, 172.04] [-2.17, 173.04] [-1.97, 174.04]
6.302812e+09 [-2.44, -162.38] [-2.24, -161.38] [-2.04, -160.38]
6.543509e+09 [-2.52, -162.97] [-2.32, -161.97] [-2.12, -160.97]
6.793398e+09 [-2.59, 168.90] [-2.39, 169.90] [-2.19, 170.90]
7.052830e+09 [-2.64, 111.55] [-2.44, 112.55] [-2.24, 113.55]
7.322170e+09 [-2.78, 24.88] [-2.58, 25.88] [-2.38, 26.88]
7.601795e+09 [-2.88, -92.66] [-2.68, -91.66] [-2.48, -90.66]
7.892099e+09 [-3.03, 118.67] [-2.83, 119.67] [-2.63, 120.67]
8.193489e+09 [-3.15, -63.60] [-2.95, -62.60] [-2.75, -61.60]
8.506389e+09 [-3.22, 79.42] [-3.02, 80.42] [-2.82, 81.42]
8.831239e+09 [-3.32, -172.80] [-3.12, -171.80] [-2.92, -170.80]
9.168493e+09 [-3.46, -101.94] [-3.26, -100.94] [-3.06, -99.94]
9.518628e+09 [-3.48, -69.22] [-3.28, -68.22] [-3.08, -67.22]
9.882133e+09 [-3.43, -77.17] [-3.23, -76.17] [-3.03, -75.17]
1.025952e+10 [-3.43, -127.49] [-3.23, -126.49] [-3.03, -125.49]
1.065132e+10 [-3.46, 138.94] [-3.26, 139.94] [-3.06, 140.94]
1.105808e+10 [-3.58, 1.53] [-3.38, 2.53] [-3.18, 3.53]
1.148038e+10 [-3.61, 177.00] [-3.41, 178.00] [-3.21, 179.00]
1.191880e+10 [-3.65, -55.73] [-3.45, -54.73] [-3.25, -53.73]
1.237396e+10 [-3.69, 21.64] [-3.49, 22.64] [-3.29, 23.64]
1.284651e+10 [-3.75, 46.16] [-3.55, 47.16] [-3.35, 48.16]
1.333711e+10 [-3.75, 16.99] [-3.55, 17.99] [-3.35, 18.99]
1.384643e+10 [-3.80, -69.00] [-3.60, -68.00] [-3.40, -67.00]
1.437521e+10 [-3.89, 147.21] [-3.69, 148.21] [-3.49, 149.21]
1.492419e+10 [-4.09, -56.28] [-3.89, -55.28] [-3.69, -54.28]
1.549412e+10 [-4.14, 35.05] [-3.94, 36.05] [-3.74, 37.05]
1.608583e+10 [-4.46, 64.20] [-4.26, 65.20] [-4.06, 66.20]
1.670013e+10 [-4.40, 23.23] [-4.20, 24.23] [-4.00, 25.23]
1.733789e+10 [-4.62, -86.33] [-4.42, -85.33] [-4.22, -84.33]
1.800000e+10 [-4.76, 91.56] [-4.56, 92.56] [-4.36, 93.56]
