FUNIT: Hz
UNIT: dB
1.000000e+07 [-0.21, -60.85] [-0.01, -59.85] [0.19, -58.85]
1.038189e+07 [-0.06, -62.24] [0.14, -61.24] [0.34, -60.24]
1.077836e+07 [-0.25, -66.80] [-0.05, -65.80] [0.15, -64.80]
1.118997e+07 [-0.36, -65.74] [-0.16, -64.74] [0.04, -63.74]
1.161731e+07 [-0.67, -68.45] [-0.47, -67.45] [-0.27, -66.45]
1.206096e+07 [-0.47, -71.19] [-0.27, -70.19] [-0.07, -69.19]
1.252155e+07 [-0.03, -75.62] [0.17, -74.62] [0.37, -73.62]
1.299974e+07 [-0.21, -81.09] [-0.01, -80.09] [0.19, -79.09]
1.349618e+07 [-0.01, -82.60] [0.19, -81.60] [0.39, -80.60]
1.401158e+07 [-0.34, -84.23] [-0.14, -83.23] [0.06, -82.23]
1.454667e+07 [-0.20, -86.26] [-0.00, -85.26] [0.20, -84.26]
1.510219e+07 [-0.45, -91.25] [-0.25, -90.25] [-0.05, -89.25]
1.567893e+07 [-0.57, -95.33] [-0.37, -94.33] [-0.17, -93.33]
1.627769e+07 [-0.39, -94.87] [-0.19, -93.87] [0.01, -92.87]
1.689931e+07 [-0.29, -100.08] [-0.09, -99.08] [0.11, -98.08]
1.754468e+07 [-0.37, -106.64] [-0.17, -105.64] [0.03, -104.64]
1.821469e+07 [-0.30, -106.91] [-0.10, -105.91] [0.10, -104.91]
1.891029e+07 [-0.46, -112.30] [-0.26, -111.30] [-0.06, -110.30]
1.963245e+07 [-0.39, -117.70] [-0.19, -116.70] [0.01, -115.70]
2.038219e+07 [-0.26, -123.18] [-0.06, -122.18] [0.14, -121.18]
2.116056e+07 [-0.30, -126.58] [-0.10, -125.58] [0.10, -124.58]
2.196866e+07 [-0.17, -131.52] [0.03, -130.52] [0.23, -129.52]
2.280762e+07 [-0.65, -137.89] [-0.45, -136.89] [-0.25, -135.89]
2.367862e+07 [-0.28, -141.22] [-0.08, -140.22] [0.12, -139.22]
2.458288e+07 [-0.34, -146.58] [-0.14, -145.58] [0.06, -144.58]
2.552167e+07 [-0.48, -153.40] [-0.28, -152.40] [-0.08, -151.40]
2.649631e+07 [-0.39, -157.49] [-0.19, -156.49] [0.01, -155.49]
2.750818e+07 [-0.43, -163.96] [-0.23, -162.96] [-0.03, -161.96]
2.855868e+07 [-0.29, -171.01] [-0.09, -170.01] [0.11, -169.01]
2.964930e+07 [-0.48, -177.61] [-0.28, -176.61] [-0.08, -175.61]
3.078158e+07 [-0.48, 175.45] [-0.28, 176.45] [-0.08, 177.45]
3.195709e+07 [-0.45, 169.96] [-0.25, 170.96] [-0.05, 171.96]
3.317750e+07 [-0.47, 161.48] [-0.27, 162.48] [-0.07, 163.48]
3.444451e+07 [-0.52, 153.92] [-0.32, 154.92] [-0.12, 155.92]
3.575990e+07 [-0.44, 146.69] [-0.24, 147.69] [-0.04, 148.69]
3.712553e+07 [-0.32, 138.12] [-0.12, 139.12] [0.08, 140.12]
3.854331e+07 [-0.38, 130.63] [-0.18, 131.63] [0.02, 132.63]
4.001524e+07 [-0.40, 122.36] [-0.20, 123.36] [-0.00, 124.36]
4.154338e+07 [-0.27, 111.96] [-0.07, 112.96] [0.13, 113.96]
4.312987e+07 [-0.45, 103.55] [-0.25, 104.55] [-0.05, 105.55]
4.477695e+07 [-0.51, 92.40] [-0.31, 93.40] [-0.11, 94.40]
4.648693e+07 [-0.45, 82.95] [-0.25, 83.95] [-0.05, 84.95]
4.826221e+07 [-0.51, 72.69] [-0.31, 73.69] [-0.11, 74.69]
5.010529e+07 [-0.52, 62.06] [-0.32, 63.06] [-0.12, 64.06]
5.201875e+07 [-0.51, 50.13] [-0.31, 51.13] [-0.11, 52.13]
5.400529e+07 [-0.49, 38.30] [-0.29, 39.30] [-0.09, 40.30]
5.606769e+07 [-0.42, 25.59] [-0.22, 26.59] [-0.02, 27.59]
5.820885e+07 [-0.50, 13.85] [-0.30, 14.85] [-0.10, 15.85]
6.043178e+07 [-0.57, 0.20] [-0.37, 1.20] [-0.17, 2.20]
6.273960e+07 [-0.47, -13.60] [-0.27, -12.60] [-0.07, -11.60]
6.513556e+07 [-0.51, -27.27] [-0.31, -26.27] [-0.11, -25.27]
6.762301e+07 [-0.47, -41.79] [-0.27, -40.79] [-0.07, -39.79]
7.020545e+07 [-0.46, -57.38] [-0.26, -56.38] [-0.06, -55.38]
7.288652e+07 [-0.48, -73.24] [-0.28, -72.24] [-0.08, -71.24]
7.566997e+07 [-0.50, -89.52] [-0.30, -88.52] [-0.10, -87.52]
7.855972e+07 [-0.52, -106.62] [-0.32, -105.62] [-0.12, -104.62]
8.155983e+07 [-0.50, -124.86] [-0.30, -123.86] [-0.10, -122.86]
8.467450e+07 [-0.49, -142.94] [-0.29, -141.94] [-0.09, -140.94]
8.790813e+07 [-0.52, -161.90] [-0.32, -160.90] [-0.12, -159.90]
9.126524e+07 [-0.56, 177.92] [-0.36, 178.92] [-0.16, 179.92]
9.475055e+07 [-0.50, 157.45] [-0.30, 158.45] [-0.10, 159.45]
9.836897e+07 [-0.54, 135.54] [-0.34, 136.54] [-0.14, 137.54]
1.021256e+08 [-0.56, 113.77] [-0.36, 114.77] [-0.16, 115.77]
1.060256e+08 [-0.60, 90.67] [-0.40, 91.67] [-0.20, 92.67]
1.100746e+08 [-0.57, 66.50] [-0.37, 67.50] [-0.17, 68.50]
1.142782e+08 [-0.58, 41.93] [-0.38, 42.93] [-0.18, 43.93]
1.186424e+08 [-0.61, 15.70] [-0.41, 16.70] [-0.21, 17.70]
1.231732e+08 [-0.61, -10.74] [-0.41, -9.74] [-0.21, -8.74]
1.278771e+08 [-0.57, -38.82] [-0.37, -37.82] [-0.17, -36.82]
1.327605e+08 [-0.59, -67.60] [-0.39, -66.60] [-0.19, -65.60]
1.378305e+08 [-0.64, -97.49] [-0.44, -96.49] [-0.24, -95.49]
1.430941e+08 [-0.65, -128.73] [-0.45, -127.73] [-0.25, -126.73]
1.485587e+08 [-0.65, -160.86] [-0.45, -159.86] [-0.25, -158.86]
1.542320e+08 [-0.64, 165.38] [-0.44, 166.38] [-0.24, 167.38]
1.601219e+08 [-0.63, 130.66] [-0.43, 131.66] [-0.23, 132.66]
1.662368e+08 [-0.67, 94.44] [-0.47, 95.44] [-0.27, 96.44]
1.725852e+08 [-0.64, 56.80] [-0.44, 57.80] [-0.24, 58.80]
1.791760e+08 [-0.67, 17.81] [-0.47, 18.81] [-0.27, 19.81]
1.860186e+08 [-0.67, -22.67] [-0.47, -21.67] [-0.27, -20.67]
1.931224e+08 [-0.72, -64.55] [-0.52, -63.55] [-0.32, -62.55]
2.004975e+08 [-0.71, -108.26] [-0.51, -107.26] [-0.31, -106.26]
2.081543e+08 [-0.71, -153.52] [-0.51, -152.52] [-0.31, -151.52]
2.161035e+08 [-0.73, 159.45] [-0.53, 160.45] [-0.33, 161.45]
2.243562e+08 [-0.73, 110.70] [-0.53, 111.70] [-0.33, 112.70]
2.329241e+08 [-0.77, 60.03] [-0.57, 61.03] [-0.37, 62.03]
2.418192e+08 [-0.77, 7.48] [-0.57, 8.48] [-0.37, 9.48]
2.510540e+08 [-0.78, -47.07] [-0.58, -46.07] [-0.38, -45.07]
2.606415e+08 [-0.79, -103.94] [-0.59, -102.94] [-0.39, -101.94]
2.705951e+08 [-0.79, -162.59] [-0.59, -161.59] [-0.39, -160.59]
2.809288e+08 [-0.84, 136.21] [-0.64, 137.21] [-0.44, 138.21]
2.916571e+08 [-0.83, 72.82] [-0.63, 73.82] [-0.43, 74.82]
3.027952e+08 [-0.83, 6.96] [-0.63, 7.96] [-0.43, 8.96]
3.143586e+08 [-0.84, -61.42] [-0.64, -60.42] [-0.44, -59.42]
3.263636e+08 [-0.87, -132.42] [-0.67, -131.42] [-0.47, -130.42]
3.388271e+08 [-0.86, 153.90] [-0.66, 154.90] [-0.46, 155.90]
3.517665e+08 [-0.88, 77.48] [-0.68, 78.48] [-0.48, 79.48]
3.652000e+08 [-0.91, -1.93] [-0.71, -0.93] [-0.51, 0.07]
3.791466e+08 [-0.90, -84.27] [-0.70, -83.27] [-0.50, -82.27]
3.936258e+08 [-0.93, -169.99] [-0.73, -168.99] [-0.53, -167.99]
4.086579e+08 [-0.93, 101.18] [-0.73, 102.18] [-0.53, 103.18]
4.242641e+08 [-0.96, 8.96] [-0.76, 9.96] [-0.56, 10.96]
4.404662e+08 [-0.96, -86.83] [-0.76, -85.83] [-0.56, -84.83]
4.572871e+08 [-0.99, 173.80] [-0.79, 174.80] [-0.59, 175.80]
4.747504e+08 [-1.00, 70.55] [-0.80, 71.55] [-0.60, 72.55]
4.928806e+08 [-1.00, -36.66] [-0.80, -35.66] [-0.60, -34.66]
5.117031e+08 [-1.04, -147.82] [-0.84, -146.82] [-0.64, -145.82]
5.312445e+08 [-1.04, 96.78] [-0.84, 97.78] [-0.64, 98.78]
5.515321e+08 [-1.06, -23.24] [-0.86, -22.24] [-0.66, -21.24]
5.725945e+08 [-1.08, -147.68] [-0.88, -146.68] [-0.68, -145.68]
5.944612e+08 [-1.10, 83.12] [-0.90, 84.12] [-0.70, 85.12]
6.171630e+08 [-1.12, -50.99] [-0.92, -49.99] [-0.72, -48.99]
6.407317e+08 [-1.13, 169.71] [-0.93, 170.71] [-0.73, 171.71]
6.652006e+08 [-1.17, 25.10] [-0.97, 26.10] [-0.77, 27.10]
6.906038e+08 [-1.16, -125.00] [-0.96, -124.00] [-0.76, -123.00]
7.169772e+08 [-1.18, 79.12] [-0.98, 80.12] [-0.78, 81.12]
7.443577e+08 [-1.21, -82.57] [-1.01, -81.57] [-0.81, -80.57]
7.727839e+08 [-1.22, 109.44] [-1.02, 110.44] [-0.82, 111.44]
8.022956e+08 [-1.24, -64.94] [-1.04, -63.94] [-0.84, -62.94]
8.329344e+08 [-1.26, 114.16] [-1.06, 115.16] [-0.86, 116.16]
8.647432e+08 [-1.28, -73.89] [-1.08, -72.89] [-0.88, -71.89]
8.977667e+08 [-1.30, 90.97] [-1.10, 91.97] [-0.90, 92.97]
9.320514e+08 [-1.33, -111.53] [-1.13, -110.53] [-0.93, -109.53]
9.676454e+08 [-1.35, 38.07] [-1.15, 39.07] [-0.95, 40.07]
1.004599e+09 [-1.36, -180.12] [-1.16, -179.12] [-0.96, -178.12]
1.042963e+09 [-1.39, -46.79] [-1.19, -45.79] [-0.99, -44.79]
1.082793e+09 [-1.41, 77.90] [-1.21, 78.90] [-1.01, 79.90]
1.124143e+09 [-1.43, -166.47] [-1.23, -165.47] [-1.03, -164.47]
1.167073e+09 [-1.45, -60.09] [-1.25, -59.09] [-1.05, -58.09]
1.211642e+09 [-1.47, 36.60] [-1.27, 37.60] [-1.07, 38.60]
1.257913e+09 [-1.50, 123.20] [-1.30, 124.20] [-1.10, 125.20]
1.305952e+09 [-1.52, -160.60] [-1.32, -159.60] [-1.12, -158.60]
1.355825e+09 [-1.55, -95.23] [-1.35, -94.23] [-1.15, -93.23]
1.407602e+09 [-1.57, -41.08] [-1.37, -40.08] [-1.17, -39.08]
1.461357e+09 [-1.59, 1.32] [-1.39, 2.32] [-1.19, 3.32]
1.517164e+09 [-1.62, 31.59] [-1.42, 32.59] [-1.22, 33.59]
1.575103e+09 [-1.65, 49.28] [-1.45, 50.28] [-1.25, 51.28]
1.635254e+09 [-1.68, 53.94] [-1.48, 54.94] [-1.28, 55.94]
1.697703e+09 [-1.70, 45.00] [-1.50, 46.00] [-1.30, 47.00]
1.762536e+09 [-1.73, 21.99] [-1.53, 22.99] [-1.33, 23.99]
1.829845e+09 [-1.78, -15.60] [-1.58, -14.60] [-1.38, -13.60]
1.899725e+09 [-1.80, -68.20] [-1.60, -67.20] [-1.40, -66.20]
1.972273e+09 [-1.82, -137.01] [-1.62, -136.01] [-1.42, -135.01]
2.047592e+09 [-1.86, 138.05] [-1.66, 139.05] [-1.46, 140.05]
2.125787e+09 [-1.89, 36.07] [-1.69, 37.07] [-1.49, 38.07]
2.206969e+09 [-1.95, -83.50] [-1.75, -82.50] [-1.55, -81.50]
2.291250e+09 [-1.97, 138.82] [-1.77, 139.82] [-1.57, 140.82]
2.378751e+09 [-1.99, -18.12] [-1.79, -17.12] [-1.59, -16.12]
2.469592e+09 [-2.03, 165.21] [-1.83, 166.21] [-1.63, 167.21]
2.563903e+09 [-2.12, -31.51] [-1.92, -30.51] [-1.72, -29.51]
2.661816e+09 [-2.12, 110.52] [-1.92, 111.52] [-1.72, 112.52]
2.763468e+09 [-2.12, -130.52] [-1.92, -129.52] [-1.72, -128.52]
2.869001e+09 [-2.19, -34.29] [-1.99, -33.29] [-1.79, -32.29]
2.978565e+09 [-2.24, 39.53] [-2.04, 40.53] [-1.84, 41.53]
3.092313e+09 [-2.24, 86.88] [-2.04, 87.88] [-1.84, 88.88]
3.210405e+09 [-2.35, 109.11] [-2.15, 110.11] [-1.95, 111.11]
3.333007e+09 [-2.42, 105.67] [-2.22, 106.67] [-2.02, 107.67]
3.460290e+09 [-2.45, 73.38] [-2.25, 74.38] [-2.05, 75.38]
3.592435e+09 [-2.42, 13.35] [-2.22, 14.35] [-2.02, 15.35]
3.729626e+09 [-2.48, -77.73] [-2.28, -76.73] [-2.08, -75.73]
3.872056e+09 [-2.52, 161.54] [-2.32, 162.54] [-2.12, 163.54]
4.019925e+09 [-2.55, 8.00] [-2.35, 9.00] [-2.15, 10.00]
4.173442e+09 [-2.56, -179.16] [-2.36, -178.16] [-2.16, -177.16]
4.332821e+09 [-2.72, -39.99] [-2.52, -38.99] [-2.32, -37.99]
4.498286e+09 [-2.67, 62.51] [-2.47, 63.51] [-2.27, 64.51]
4.670071e+09 [-2.76, 127.19] [-2.56, 128.19] [-2.36, 129.19]
4.848415e+09 [-2.91, 154.00] [-2.71, 155.00] [-2.51, 156.00]
5.033571e+09 [-2.83, 140.62] [-2.63, 141.62] [-2.43, 142.62]
5.225797e+09 [-2.91, 85.15] [-2.71, 86.15] [-2.51, 87.15]
5.425364e+09 [-2.96, -13.27] [-2.76, -12.27] [-2.56, -11.27]
5.632553e+09 [-3.00, -158.00] [-2.80, -157.00] [-2.60, -156.00]
5.847653e+09 [-3.03, 11.87] [-2.83, 12.87] [-2.63, 13.87]
6.070969e+09 [-3.11, 132.37] [-2.91, 133.37] [-2.71, 134.37]
6.302812e+09 [-3.17, -157.37] [-2.97, -156.37] [-2.77, -155.37]
6.543509e+09 [-3.24, -139.48] [-3.04, -138.48] [-2.84, -137.48]
6.793398e+09 [-3.39, -175.48] [-3.19, -174.48] [-2.99, -173.48]
7.052830e+09 [-3.46, 91.42] [-3.26, 92.42] [-3.06, 93.42]
7.322170e+09 [-3.61, -59.88] [-3.41, -58.88] [-3.21, -57.88]
7.601795e+09 [-3.71, 88.87] [-3.51, 89.87] [-3.31, 90.87]
7.892099e+09 [-3.77, 174.97] [-3.57, 175.97] [-3.37, 176.97]
8.193489e+09 [-3.90, -166.06] [-3.70, -165.06] [-3.50, -164.06]
8.506389e+09 [-3.86, 144.51] [-3.66, 145.51] [-3.46, 146.51]
8.831239e+09 [-3.76, 24.67] [-3.56, 25.67] [-3.36, 26.67]
9.168493e+09 [-3.87, -169.16] [-3.67, -168.16] [-3.47, -167.16]
9.518628e+09 [-4.22, -78.55] [-4.02, -77.55] [-3.82, -76.55]
9.882133e+09 [-4.55, -65.52] [-4.35, -64.52] [-4.15, -63.52]
1.025952e+10 [-4.27, -134.52] [-4.07, -133.52] [-3.87, -132.52]
1.065132e+10 [-4.29, 69.52] [-4.09, 70.52] [-3.89, 71.52]
1.105808e+10 [-4.77, -174.91] [-4.57, -173.91] [-4.37, -172.91]
1.148038e+10 [-4.76, -147.98] [-4.56, -146.98] [-4.36, -145.98]
1.191880e+10 [-4.67, 139.84] [-4.47, 140.84] [-4.27, 141.84]
1.237396e+10 [-4.65, -30.60] [-4.45, -29.60] [-4.25, -28.60]
1.284651e+10 [-5.21, 55.24] [-5.01, 56.24] [-4.81, 57.24]
1.333711e+10 [-4.80, 35.36] [-4.60, 36.36] [-4.40, 37.36]
1.384643e+10 [-5.31, -97.40] [-5.11, -96.40] [-4.91, -95.40]
1.437521e+10 [-5.33, 16.67] [-5.13, 17.67] [-4.93, 18.67]
1.492419e+10 [-5.42, 8.84] [-5.22, 9.84] [-5.02, 10.84]
1.549412e+10 [-5.43, -126.30] [-5.23, -125.30] [-5.03, -124.30]
1.608583e+10 [-5.34, -30.64] [-5.14, -29.64] [-4.94, -28.64]
1.670013e+10 [-6.29, -67.21] [-6.09, -66.21] [-5.89, -65.21]
1.733789e+10 [-6.17, 112.87] [-5.97, 113.87] [-5.77, 114.87]
1.800000e+10 [-6.27, 147.56] [-6.07, 148.56] [-5.87, 149.56]
