FUNIT: Hz
UNIT: dB
1.000000e+07 [-0.29, -69.25] [-0.09, -68.25] [0.11, -67.25]
1.038189e+07 [-0.06, -71.05] [0.14, -70.05] [0.34, -69.05]
1.077836e+07 [-0.30, -75.84] [-0.10, -74.84] [0.10, -73.84]
1.118997e+07 [-0.42, -75.34] [-0.22, -74.34] [-0.02, -73.34]
1.161731e+07 [-0.68, -78.58] [-0.48, -77.58] [-0.28, -76.58]
1.206096e+07 [-0.59, -81.61] [-0.39, -80.61] [-0.19, -79.61]
1.252155e+07 [-0.07, -86.79] [0.13, -85.79] [0.33, -84.79]
1.299974e+07 [-0.26, -92.27] [-0.06, -91.27] [0.14, -90.27]
1.349618e+07 [-0.11, -93.80] [0.09, -92.80] [0.29, -91.80]
1.401158e+07 [-0.49, -95.90] [-0.29, -94.90] [-0.09, -93.90]
1.454667e+07 [-0.25, -98.54] [-0.05, -97.54] [0.15, -96.54]
1.510219e+07 [-0.47, -104.24] [-0.27, -103.24] [-0.07, -102.24]
1.567893e+07 [-0.57, -108.45] [-0.37, -107.45] [-0.17, -106.45]
1.627769e+07 [-0.47, -108.55] [-0.27, -107.55] [-0.07, -106.55]
1.689931e+07 [-0.37, -114.55] [-0.17, -113.55] [0.03, -112.55]
1.754468e+07 [-0.37, -121.55] [-0.17, -120.55] [0.03, -119.55]
1.821469e+07 [-0.30, -122.61] [-0.10, -121.61] [0.10, -120.61]
1.891029e+07 [-0.52, -128.28] [-0.32, -127.28] [-0.12, -126.28]
1.963245e+07 [-0.44, -134.32] [-0.24, -133.32] [-0.04, -132.32]
2.038219e+07 [-0.28, -140.60] [-0.08, -139.60] [0.12, -138.60]
2.116056e+07 [-0.36, -144.74] [-0.16, -143.74] [0.04, -142.74]
2.196866e+07 [-0.18, -150.35] [0.02, -149.35] [0.22, -148.35]
2.280762e+07 [-0.69, -157.25] [-0.49, -156.25] [-0.29, -155.25]
2.367862e+07 [-0.29, -161.33] [-0.09, -160.33] [0.11, -159.33]
2.458288e+07 [-0.37, -167.66] [-0.17, -166.66] [0.03, -165.66]
2.552167e+07 [-0.48, -175.01] [-0.28, -174.01] [-0.08, -173.01]
2.649631e+07 [-0.45, -180.31] [-0.25, -179.31] [-0.05, -178.31]
2.750818e+07 [-0.46, 172.37] [-0.26, 173.37] [-0.06, 174.37]
2.855868e+07 [-0.35, 164.70] [-0.15, 165.70] [0.05, 166.70]
2.964930e+07 [-0.54, 157.20] [-0.34, 158.20] [-0.14, 159.20]
3.078158e+07 [-0.48, 149.16] [-0.28, 150.16] [-0.08, 151.16]
3.195709e+07 [-0.50, 143.01] [-0.30, 144.01] [-0.10, 145.01]
3.317750e+07 [-0.52, 133.39] [-0.32, 134.39] [-0.12, 135.39]
3.444451e+07 [-0.59, 124.70] [-0.39, 125.70] [-0.19, 126.70]
3.575990e+07 [-0.48, 116.25] [-0.28, 117.25] [-0.08, 118.25]
3.712553e+07 [-0.37, 106.38] [-0.17, 107.38] [0.03, 108.38]
3.854331e+07 [-0.46, 97.77] [-0.26, 98.77] [-0.06, 99.77]
4.001524e+07 [-0.47, 88.05] [-0.27, 89.05] [-0.07, 90.05]
4.154338e+07 [-0.36, 76.68] [-0.16, 77.68] [0.04, 78.68]
4.312987e+07 [-0.50, 66.84] [-0.30, 67.84] [-0.10, 68.84]
4.477695e+07 [-0.57, 54.24] [-0.37, 55.24] [-0.17, 56.24]
4.648693e+07 [-0.52, 43.44] [-0.32, 44.44] [-0.12, 45.44]
4.826221e+07 [-0.56, 31.72] [-0.36, 32.72] [-0.16, 33.72]
5.010529e+07 [-0.60, 19.48] [-0.40, 20.48] [-0.20, 21.48]
5.201875e+07 [-0.57, 5.82] [-0.37, 6.82] [-0.17, 7.82]
5.400529e+07 [-0.55, -7.56] [-0.35, -6.56] [-0.15, -5.56]
5.606769e+07 [-0.48, -22.11] [-0.28, -21.11] [-0.08, -20.11]
5.820885e+07 [-0.56, -35.63] [-0.36, -34.63] [-0.16, -33.63]
6.043178e+07 [-0.65, -51.15] [-0.45, -50.15] [-0.25, -49.15]
6.273960e+07 [-0.55, -66.93] [-0.35, -65.93] [-0.15, -64.93]
6.513556e+07 [-0.56, -82.76] [-0.36, -81.76] [-0.16, -80.76]
6.762301e+07 [-0.53, -99.22] [-0.33, -98.22] [-0.13, -97.22]
7.020545e+07 [-0.53, -117.09] [-0.33, -116.09] [-0.13, -115.09]
7.288652e+07 [-0.54, -135.01] [-0.34, -134.01] [-0.14, -133.01]
7.566997e+07 [-0.57, -153.77] [-0.37, -152.77] [-0.17, -151.77]
7.855972e+07 [-0.59, -173.32] [-0.39, -172.32] [-0.19, -171.32]
8.155983e+07 [-0.57, 165.92] [-0.37, 166.92] [-0.17, 167.92]
8.467450e+07 [-0.58, 145.22] [-0.38, 146.22] [-0.18, 147.22]
8.790813e+07 [-0.61, 123.52] [-0.41, 124.52] [-0.21, 125.52]
9.126524e+07 [-0.64, 100.51] [-0.44, 101.51] [-0.24, 102.51]
9.475055e+07 [-0.58, 77.08] [-0.38, 78.08] [-0.18, 79.08]
9.836897e+07 [-0.62, 52.06] [-0.42, 53.06] [-0.22, 54.06]
1.021256e+08 [-0.65, 27.22] [-0.45, 28.22] [-0.25, 29.22]
1.060256e+08 [-0.69, 0.76] [-0.49, 1.76] [-0.29, 2.76]
1.100746e+08 [-0.65, -26.80] [-0.45, -25.80] [-0.25, -24.80]
1.142782e+08 [-0.67, -55.04] [-0.47, -54.04] [-0.27, -53.04]
1.186424e+08 [-0.69, -84.86] [-0.49, -83.86] [-0.29, -82.86]
1.231732e+08 [-0.70, -115.19] [-0.50, -114.19] [-0.30, -113.19]
1.278771e+08 [-0.66, -147.22] [-0.46, -146.22] [-0.26, -145.22]
1.327605e+08 [-0.69, -180.17] [-0.49, -179.17] [-0.29, -178.17]
1.378305e+08 [-0.73, 145.71] [-0.53, 146.71] [-0.33, 147.71]
1.430941e+08 [-0.75, 109.95] [-0.55, 110.95] [-0.35, 111.95]
1.485587e+08 [-0.75, 73.22] [-0.55, 74.22] [-0.35, 75.22]
1.542320e+08 [-0.75, 34.71] [-0.55, 35.71] [-0.35, 36.71]
1.601219e+08 [-0.74, -5.04] [-0.54, -4.04] [-0.34, -3.04]
1.662368e+08 [-0.77, -46.39] [-0.57, -45.39] [-0.37, -44.39]
1.725852e+08 [-0.75, -89.41] [-0.55, -88.41] [-0.35, -87.41]
1.791760e+08 [-0.78, -133.97] [-0.58, -132.97] [-0.38, -131.97]
1.860186e+08 [-0.78, -180.21] [-0.58, -179.21] [-0.38, -178.21]
1.931224e+08 [-0.83, 131.90] [-0.63, 132.90] [-0.43, 133.90]
2.004975e+08 [-0.82, 81.95] [-0.62, 82.95] [-0.42, 83.95]
2.081543e+08 [-0.82, 30.18] [-0.62, 31.18] [-0.42, 32.18]
2.161035e+08 [-0.85, -23.53] [-0.65, -22.53] [-0.45, -21.53]
2.243562e+08 [-0.84, -79.27] [-0.64, -78.27] [-0.44, -77.27]
2.329241e+08 [-0.90, -137.19] [-0.70, -136.19] [-0.50, -135.19]
2.418192e+08 [-0.90, 162.73] [-0.70, 163.73] [-0.50, 164.73]
2.510540e+08 [-0.91, 100.39] [-0.71, 101.39] [-0.51, 102.39]
2.606415e+08 [-0.92, 35.47] [-0.72, 36.47] [-0.52, 37.47]
2.705951e+08 [-0.92, -31.64] [-0.72, -30.64] [-0.52, -29.64]
2.809288e+08 [-0.97, -101.59] [-0.77, -100.59] [-0.57, -99.59]
2.916571e+08 [-0.96, -174.04] [-0.76, -173.04] [-0.56, -172.04]
3.027952e+08 [-0.97, 110.66] [-0.77, 111.66] [-0.57, 112.66]
3.143586e+08 [-0.99, 32.55] [-0.79, 33.55] [-0.59, 34.55]
3.263636e+08 [-1.01, -48.57] [-0.81, -47.57] [-0.61, -46.57]
3.388271e+08 [-1.00, -132.79] [-0.80, -131.79] [-0.60, -130.79]
3.517665e+08 [-1.03, 139.79] [-0.83, 140.79] [-0.63, 141.79]
3.652000e+08 [-1.06, 49.02] [-0.86, 50.02] [-0.66, 51.02]
3.791466e+08 [-1.06, -45.07] [-0.86, -44.07] [-0.66, -43.07]
3.936258e+08 [-1.08, -143.00] [-0.88, -142.00] [-0.68, -141.00]
4.086579e+08 [-1.09, 115.45] [-0.89, 116.45] [-0.69, 117.45]
4.242641e+08 [-1.12, 10.02] [-0.92, 11.02] [-0.72, 12.02]
4.404662e+08 [-1.13, -99.42] [-0.93, -98.42] [-0.73, -97.42]
4.572871e+08 [-1.15, 147.03] [-0.95, 148.03] [-0.75, 149.03]
4.747504e+08 [-1.17, 29.00] [-0.97, 30.00] [-0.77, 31.00]
4.928806e+08 [-1.18, -93.52] [-0.98, -92.52] [-0.78, -91.52]
5.117031e+08 [-1.21, 139.48] [-1.01, 140.48] [-0.81, 141.48]
5.312445e+08 [-1.23, 7.50] [-1.03, 8.50] [-0.83, 9.50]
5.515321e+08 [-1.25, -129.62] [-1.05, -128.62] [-0.85, -127.62]
5.725945e+08 [-1.26, 88.22] [-1.06, 89.22] [-0.86, 90.22]
5.944612e+08 [-1.29, -59.49] [-1.09, -58.49] [-0.89, -57.49]
6.171630e+08 [-1.32, 147.25] [-1.12, 148.25] [-0.92, 149.25]
6.407317e+08 [-1.32, -11.95] [-1.12, -10.95] [-0.92, -9.95]
6.652006e+08 [-1.36, -177.26] [-1.16, -176.26] [-0.96, -175.26]
6.906038e+08 [-1.37, 11.13] [-1.17, 12.13] [-0.97, 13.13]
7.169772e+08 [-1.39, -166.97] [-1.19, -165.97] [-0.99, -164.97]
7.443577e+08 [-1.42, 8.17] [-1.22, 9.17] [-1.02, 10.17]
7.727839e+08 [-1.43, 176.15] [-1.23, 177.15] [-1.03, 178.15]
8.022956e+08 [-1.46, -23.08] [-1.26, -22.08] [-1.06, -21.08]
8.329344e+08 [-1.48, 130.13] [-1.28, 131.13] [-1.08, 132.13]
8.647432e+08 [-1.51, -84.77] [-1.31, -83.77] [-1.11, -82.77]
8.977667e+08 [-1.53, 52.21] [-1.33, 53.21] [-1.13, 54.21]
9.320514e+08 [-1.58, -179.35] [-1.38, -178.35] [-1.18, -177.35]
9.676454e+08 [-1.58, -59.69] [-1.38, -58.69] [-1.18, -57.69]
1.004599e+09 [-1.61, 50.95] [-1.41, 51.95] [-1.21, 52.95]
1.042963e+09 [-1.64, 151.83] [-1.44, 152.83] [-1.24, 153.83]
1.082793e+09 [-1.66, -117.14] [-1.46, -116.14] [-1.26, -115.14]
1.124143e+09 [-1.69, -36.36] [-1.49, -35.36] [-1.29, -34.36]
1.167073e+09 [-1.71, 33.71] [-1.51, 34.71] [-1.31, 35.71]
1.211642e+09 [-1.74, 92.80] [-1.54, 93.80] [-1.34, 94.80]
1.257913e+09 [-1.77, 140.31] [-1.57, 141.31] [-1.37, 142.31]
1.305952e+09 [-1.81, 175.94] [-1.61, 176.94] [-1.41, 177.94]
1.355825e+09 [-1.84, -160.82] [-1.64, -159.82] [-1.44, -158.82]
1.407602e+09 [-1.86, -150.36] [-1.66, -149.36] [-1.46, -148.36]
1.461357e+09 [-1.89, -153.31] [-1.69, -152.31] [-1.49, -151.31]
1.517164e+09 [-1.92, -170.17] [-1.72, -169.17] [-1.52, -168.17]
1.575103e+09 [-1.95, 158.59] [-1.75, 159.59] [-1.55, 160.59]
1.635254e+09 [-1.99, 112.46] [-1.79, 113.46] [-1.59, 114.46]
1.697703e+09 [-2.02, 50.80] [-1.82, 51.80] [-1.62, 52.80]
1.762536e+09 [-2.06, -26.88] [-1.86, -25.88] [-1.66, -24.88]
1.829845e+09 [-2.11, -121.21] [-1.91, -120.21] [-1.71, -119.21]
1.899725e+09 [-2.13, 127.21] [-1.93, 128.21] [-1.73, 129.21]
1.972273e+09 [-2.17, -2.90] [-1.97, -1.90] [-1.77, -0.90]
2.047592e+09 [-2.21, -151.40] [-2.01, -150.40] [-1.81, -149.40]
2.125787e+09 [-2.25, 40.63] [-2.05, 41.63] [-1.85, 42.63]
2.206969e+09 [-2.30, -147.48] [-2.10, -146.48] [-1.90, -145.48]
2.291250e+09 [-2.35, 3.77] [-2.15, 4.77] [-1.95, 5.77]
2.378751e+09 [-2.36, 132.95] [-2.16, 133.95] [-1.96, 134.95]
2.469592e+09 [-2.41, -120.41] [-2.21, -119.41] [-2.01, -118.41]
2.563903e+09 [-2.47, -36.58] [-2.27, -35.58] [-2.07, -34.58]
2.661816e+09 [-2.50, 22.39] [-2.30, 23.39] [-2.10, 24.39]
2.763468e+09 [-2.53, 55.81] [-2.33, 56.81] [-2.13, 57.81]
2.869001e+09 [-2.58, 62.99] [-2.38, 63.99] [-2.18, 64.99]
2.978565e+09 [-2.65, 43.90] [-2.45, 44.90] [-2.25, 45.90]
3.092313e+09 [-2.66, -4.38] [-2.46, -3.38] [-2.26, -2.38]
3.210405e+09 [-2.75, -82.01] [-2.55, -81.01] [-2.35, -80.01]
3.333007e+09 [-2.84, 170.98] [-2.64, 171.98] [-2.44, 172.98]
3.460290e+09 [-2.86, 31.49] [-2.66, 32.49] [-2.46, 33.49]
3.592435e+09 [-2.90, -140.30] [-2.70, -139.30] [-2.50, -138.30]
3.729626e+09 [-2.93, 13.06] [-2.73, 14.06] [-2.53, 15.06]
3.872056e+09 [-3.05, 132.19] [-2.85, 133.19] [-2.65, 134.19]
4.019925e+09 [-3.05, -146.54] [-2.85, -145.54] [-2.65, -144.54]
4.173442e+09 [-3.07, -103.04] [-2.87, -102.04] [-2.67, -101.04]
4.332821e+09 [-3.29, -98.64] [-3.09, -97.64] [-2.89, -96.64]
4.498286e+09 [-3.20, -135.84] [-3.00, -134.84] [-2.80, -133.84]
4.670071e+09 [-3.36, 144.76] [-3.16, 145.76] [-2.96, 146.76]
4.848415e+09 [-3.40, 20.82] [-3.20, 21.82] [-3.00, 22.82]
5.033571e+09 [-3.38, -149.42] [-3.18, -148.42] [-2.98, -147.42]
5.225797e+09 [-3.44, -7.17] [-3.24, -6.17] [-3.04, -5.17]
5.425364e+09 [-3.56, 85.98] [-3.36, 86.98] [-3.16, 87.98]
5.632553e+09 [-3.57, 126.49] [-3.37, 127.49] [-3.17, 128.49]
5.847653e+09 [-3.63, 114.82] [-3.43, 115.82] [-3.23, 116.82]
6.070969e+09 [-3.75, 47.13] [-3.55, 48.13] [-3.35, 49.13]
6.302812e+09 [-3.81, -78.29] [-3.61, -77.29] [-3.41, -76.29]
6.543509e+09 [-3.90, 96.40] [-3.70, 97.40] [-3.50, 98.40]
6.793398e+09 [-4.04, -150.72] [-3.84, -149.72] [-3.64, -148.72]
7.052830e+09 [-4.17, -102.93] [-3.97, -101.93] [-3.77, -100.93]
7.322170e+09 [-4.32, -121.11] [-4.12, -120.11] [-3.92, -119.11]
7.601795e+09 [-4.44, 151.54] [-4.24, 152.54] [-4.04, 153.54]
7.892099e+09 [-4.51, -7.10] [-4.31, -6.10] [-4.11, -5.10]
8.193489e+09 [-4.60, 117.23] [-4.40, 118.23] [-4.20, 119.23]
8.506389e+09 [-4.64, 164.11] [-4.44, 165.11] [-4.24, 166.11]
8.831239e+09 [-4.60, 130.35] [-4.40, 131.35] [-4.20, 132.35]
9.168493e+09 [-4.64, 12.17] [-4.44, 13.17] [-4.24, 14.17]
9.518628e+09 [-4.96, 167.29] [-4.76, 168.29] [-4.56, 169.29]
9.882133e+09 [-5.33, -127.24] [-5.13, -126.24] [-4.93, -125.24]
1.025952e+10 [-5.10, -154.30] [-4.90, -153.30] [-4.70, -152.30]
1.065132e+10 [-5.04, 79.04] [-4.84, 80.04] [-4.64, 81.04]
1.105808e+10 [-5.67, -149.76] [-5.47, -148.76] [-5.27, -147.76]
1.148038e+10 [-5.65, -118.00] [-5.45, -117.00] [-5.25, -116.00]
1.191880e+10 [-5.61, 159.69] [-5.41, 160.69] [-5.21, 161.69]
1.237396e+10 [-5.58, -33.98] [-5.38, -32.98] [-5.18, -31.98]
1.284651e+10 [-6.26, 12.73] [-6.06, 13.73] [-5.86, 14.73]
1.333711e+10 [-5.80, -61.43] [-5.60, -60.43] [-5.40, -59.43]
1.384643e+10 [-6.28, 96.46] [-6.08, 97.46] [-5.88, 98.46]
1.437521e+10 [-6.14, 124.61] [-5.94, 125.61] [-5.74, 126.61]
1.492419e+10 [-6.43, 13.17] [-6.23, 14.17] [-6.03, 15.17]
1.549412e+10 [-6.45, 118.49] [-6.25, 119.49] [-6.05, 120.49]
1.608583e+10 [-6.37, 74.62] [-6.17, 75.62] [-5.97, 76.62]
1.670013e+10 [-7.45, -118.80] [-7.25, -117.80] [-7.05, -116.80]
1.733789e+10 [-7.09, -117.40] [-6.89, -116.40] [-6.69, -115.40]
1.800000e+10 [-7.24, 77.65] [-7.04, 78.65] [-6.84, 79.65]
