FUNIT: Hz
UNIT: dB
1.000000e+07 [-0.34, -39.61] [-0.14, -38.61] [0.06, -37.61]
1.038189e+07 [-0.31, -40.96] [-0.11, -39.96] [0.09, -38.96]
1.077836e+07 [-0.30, -40.96] [-0.10, -39.96] [0.10, -38.96]
1.118997e+07 [-0.51, -44.35] [-0.31, -43.35] [-0.11, -42.35]
1.161731e+07 [-0.34, -44.44] [-0.14, -43.44] [0.06, -42.44]
1.206096e+07 [-0.31, -46.68] [-0.11, -45.68] [0.09, -44.68]
1.252155e+07 [-0.31, -48.86] [-0.11, -47.86] [0.09, -46.86]
1.299974e+07 [-0.33, -50.03] [-0.13, -49.03] [0.07, -48.03]
1.349618e+07 [-0.25, -52.23] [-0.05, -51.23] [0.15, -50.23]
1.401158e+07 [-0.22, -54.26] [-0.02, -53.26] [0.18, -52.26]
1.454667e+07 [-0.40, -56.54] [-0.20, -55.54] [0.00, -54.54]
1.510219e+07 [-0.44, -57.50] [-0.24, -56.50] [-0.04, -55.50]
1.567893e+07 [-0.30, -60.72] [-0.10, -59.72] [0.10, -58.72]
1.627769e+07 [-0.33, -62.53] [-0.13, -61.53] [0.07, -60.53]
1.689931e+07 [-0.24, -64.74] [-0.04, -63.74] [0.16, -62.74]
1.754468e+07 [-0.25, -67.32] [-0.05, -66.32] [0.15, -65.32]
1.821469e+07 [-0.36, -69.52] [-0.16, -68.52] [0.04, -67.52]
1.891029e+07 [-0.35, -72.40] [-0.15, -71.40] [0.05, -70.40]
1.963245e+07 [-0.36, -75.68] [-0.16, -74.68] [0.04, -73.68]
2.038219e+07 [-0.34, -78.17] [-0.14, -77.17] [0.06, -76.17]
2.116056e+07 [-0.35, -80.71] [-0.15, -79.71] [0.05, -78.71]
2.196866e+07 [-0.35, -84.29] [-0.15, -83.29] [0.05, -82.29]
2.280762e+07 [-0.32, -86.96] [-0.12, -85.96] [0.08, -84.96]
2.367862e+07 [-0.32, -90.70] [-0.12, -89.70] [0.08, -88.70]
2.458288e+07 [-0.30, -93.96] [-0.10, -92.96] [0.10, -91.96]
2.552167e+07 [-0.31, -97.37] [-0.11, -96.37] [0.09, -95.37]
2.649631e+07 [-0.33, -101.24] [-0.13, -100.24] [0.07, -99.24]
2.750818e+07 [-0.34, -104.83] [-0.14, -103.83] [0.06, -102.83]
2.855868e+07 [-0.32, -108.84] [-0.12, -107.84] [0.08, -106.84]
2.964930e+07 [-0.30, -113.34] [-0.10, -112.34] [0.10, -111.34]
3.078158e+07 [-0.34, -117.06] [-0.14, -116.06] [0.06, -115.06]
3.195709e+07 [-0.34, -121.64] [-0.14, -120.64] [0.06, -119.64]
3.317750e+07 [-0.35, -126.40] [-0.15, -125.40] [0.05, -124.40]
3.444451e+07 [-0.36, -131.17] [-0.16, -130.17] [0.04, -129.17]
3.575990e+07 [-0.36, -135.91] [-0.16, -134.91] [0.04, -133.91]
3.712553e+07 [-0.36, -141.18] [-0.16, -140.18] [0.04, -139.18]
3.854331e+07 [-0.38, -146.40] [-0.18, -145.40] [0.02, -144.40]
4.001524e+07 [-0.40, -152.11] [-0.20, -151.11] [-0.00, -150.11]
4.154338e+07 [-0.37, -157.53] [-0.17, -156.53] [0.03, -155.53]
4.312987e+07 [-0.37, -163.69] [-0.17, -162.69] [0.03, -161.69]
4.477695e+07 [-0.35, -169.74] [-0.15, -168.74] [0.05, -167.74]
4.648693e+07 [-0.37, -176.50] [-0.17, -175.50] [0.03, -174.50]
4.826221e+07 [-0.35, 176.86] [-0.15, 177.86] [0.05, 178.86]
5.010529e+07 [-0.38, 169.96] [-0.18, 170.96] [0.02, 171.96]
5.201875e+07 [-0.40, 162.67] [-0.20, 163.67] [-0.00, 164.67]
5.400529e+07 [-0.38, 155.38] [-0.18, 156.38] [0.02, 157.38]
5.606769e+07 [-0.39, 147.59] [-0.19, 148.59] [0.01, 149.59]
5.820885e+07 [-0.41, 139.57] [-0.21, 140.57] [-0.01, 141.57]
6.043178e+07 [-0.36, 131.04] [-0.16, 132.04] [0.04, 133.04]
6.273960e+07 [-0.42, 122.30] [-0.22, 123.30] [-0.02, 124.30]
6.513556e+07 [-0.43, 113.34] [-0.23, 114.34] [-0.03, 115.34]
6.762301e+07 [-0.43, 104.04] [-0.23, 105.04] [-0.03, 106.04]
7.020545e+07 [-0.43, 94.50] [-0.23, 95.50] [-0.03, 96.50]
7.288652e+07 [-0.42, 84.29] [-0.22, 85.29] [-0.02, 86.29]
7.566997e+07 [-0.40, 73.91] [-0.20, 74.91] [-0.00, 75.91]
7.855972e+07 [-0.46, 62.96] [-0.26, 63.96] [-0.06, 64.96]
8.155983e+07 [-0.44, 51.68] [-0.24, 52.68] [-0.04, 53.68]
8.467450e+07 [-0.44, 39.87] [-0.24, 40.87] [-0.04, 41.87]
8.790813e+07 [-0.44, 27.80] [-0.24, 28.80] [-0.04, 29.80]
9.126524e+07 [-0.45, 15.21] [-0.25, 16.21] [-0.05, 17.21]
9.475055e+07 [-0.44, 2.12] [-0.24, 3.12] [-0.04, 4.12]
9.836897e+07 [-0.44, -11.51] [-0.24, -10.51] [-0.04, -9.51]
1.021256e+08 [-0.46, -25.51] [-0.26, -24.51] [-0.06, -23.51]
1.060256e+08 [-0.46, -40.31] [-0.26, -39.31] [-0.06, -38.31]
1.100746e+08 [-0.47, -55.56] [-0.27, -54.56] [-0.07, -53.56]
1.142782e+08 [-0.48, -71.33] [-0.28, -70.33] [-0.08, -69.33]
1.186424e+08 [-0.48, -87.63] [-0.28, -86.63] [-0.08, -85.63]
1.231732e+08 [-0.49, -104.66] [-0.29, -103.66] [-0.09, -102.66]
1.278771e+08 [-0.48, -122.39] [-0.28, -121.39] [-0.08, -120.39]
1.327605e+08 [-0.49, -140.79] [-0.29, -139.79] [-0.09, -138.79]
1.378305e+08 [-0.50, -159.79] [-0.30, -158.79] [-0.10, -157.79]
1.430941e+08 [-0.50, -179.62] [-0.30, -178.62] [-0.10, -177.62]
1.485587e+08 [-0.51, 159.95] [-0.31, 160.95] [-0.11, 161.95]
1.542320e+08 [-0.51, 138.62] [-0.31, 139.62] [-0.11, 140.62]
1.601219e+08 [-0.52, 116.45] [-0.32, 117.45] [-0.12, 118.45]
1.662368e+08 [-0.52, 93.49] [-0.32, 94.49] [-0.12, 95.49]
1.725852e+08 [-0.54, 69.60] [-0.34, 70.60] [-0.14, 71.60]
1.791760e+08 [-0.54, 44.94] [-0.34, 45.94] [-0.14, 46.94]
1.860186e+08 [-0.55, 19.19] [-0.35, 20.19] [-0.15, 21.19]
1.931224e+08 [-0.56, -7.51] [-0.36, -6.51] [-0.16, -5.51]
2.004975e+08 [-0.57, -35.19] [-0.37, -34.19] [-0.17, -33.19]
2.081543e+08 [-0.57, -63.96] [-0.37, -62.96] [-0.17, -61.96]
2.161035e+08 [-0.59, -93.75] [-0.39, -92.75] [-0.19, -91.75]
2.243562e+08 [-0.58, -124.79] [-0.38, -123.79] [-0.18, -122.79]
2.329241e+08 [-0.60, -156.99] [-0.40, -155.99] [-0.20, -154.99]
2.418192e+08 [-0.60, 169.60] [-0.40, 170.60] [-0.20, 171.60]
2.510540e+08 [-0.60, 134.94] [-0.40, 135.94] [-0.20, 136.94]
2.606415e+08 [-0.62, 98.97] [-0.42, 99.97] [-0.22, 100.97]
2.705951e+08 [-0.63, 61.56] [-0.43, 62.56] [-0.23, 63.56]
2.809288e+08 [-0.63, 22.76] [-0.43, 23.76] [-0.23, 24.76]
2.916571e+08 [-0.64, -17.50] [-0.44, -16.50] [-0.24, -15.50]
3.027952e+08 [-0.65, -59.34] [-0.45, -58.34] [-0.25, -57.34]
3.143586e+08 [-0.66, -102.74] [-0.46, -101.74] [-0.26, -100.74]
3.263636e+08 [-0.67, -147.84] [-0.47, -146.84] [-0.27, -145.84]
3.388271e+08 [-0.68, 165.42] [-0.48, 166.42] [-0.28, 167.42]
3.517665e+08 [-0.69, 116.83] [-0.49, 117.83] [-0.29, 118.83]
3.652000e+08 [-0.69, 66.40] [-0.49, 67.40] [-0.29, 68.40]
3.791466e+08 [-0.71, 14.06] [-0.51, 15.06] [-0.31, 16.06]
3.936258e+08 [-0.72, -40.32] [-0.52, -39.32] [-0.32, -38.32]
4.086579e+08 [-0.73, -96.75] [-0.53, -95.75] [-0.33, -94.75]
4.242641e+08 [-0.74, -155.33] [-0.54, -154.33] [-0.34, -153.33]
4.404662e+08 [-0.75, 143.88] [-0.55, 144.88] [-0.35, 145.88]
4.572871e+08 [-0.76, 80.74] [-0.56, 81.74] [-0.36, 82.74]
4.747504e+08 [-0.77, 15.16] [-0.57, 16.16] [-0.37, 17.16]
4.928806e+08 [-0.79, -52.84] [-0.59, -51.84] [-0.39, -50.84]
5.117031e+08 [-0.79, -123.50] [-0.59, -122.50] [-0.39, -121.50]
5.312445e+08 [-0.81, 163.16] [-0.61, 164.16] [-0.41, 165.16]
5.515321e+08 [-0.82, 87.04] [-0.62, 88.04] [-0.42, 89.04]
5.725945e+08 [-0.83, 8.01] [-0.63, 9.01] [-0.43, 10.01]
5.944612e+08 [-0.84, -74.07] [-0.64, -73.07] [-0.44, -72.07]
6.171630e+08 [-0.86, -159.30] [-0.66, -158.30] [-0.46, -157.30]
6.407317e+08 [-0.87, 112.29] [-0.67, 113.29] [-0.47, 114.29]
6.652006e+08 [-0.89, 20.45] [-0.69, 21.45] [-0.49, 22.45]
6.906038e+08 [-0.90, -74.87] [-0.70, -73.87] [-0.50, -72.87]
7.169772e+08 [-0.91, -173.82] [-0.71, -172.82] [-0.51, -171.82]
7.443577e+08 [-0.92, 83.41] [-0.72, 84.41] [-0.52, 85.41]
7.727839e+08 [-0.94, -23.24] [-0.74, -22.24] [-0.54, -21.24]
8.022956e+08 [-0.95, -133.94] [-0.75, -132.94] [-0.55, -131.94]
8.329344e+08 [-0.96, 111.11] [-0.76, 112.11] [-0.56, 113.11]
8.647432e+08 [-0.98, -8.29] [-0.78, -7.29] [-0.58, -6.29]
8.977667e+08 [-0.99, -132.25] [-0.79, -131.25] [-0.59, -130.25]
9.320514e+08 [-1.01, 99.19] [-0.81, 100.19] [-0.61, 101.19]
9.676454e+08 [-1.02, -34.41] [-0.82, -33.41] [-0.62, -32.41]
1.004599e+09 [-1.04, -173.03] [-0.84, -172.03] [-0.64, -171.03]
1.042963e+09 [-1.05, 43.02] [-0.85, 44.02] [-0.65, 45.02]
1.082793e+09 [-1.07, -106.38] [-0.87, -105.38] [-0.67, -104.38]
1.124143e+09 [-1.08, 98.44] [-0.88, 99.44] [-0.68, 100.44]
1.167073e+09 [-1.10, -62.62] [-0.90, -61.62] [-0.70, -60.62]
1.211642e+09 [-1.13, 130.14] [-0.93, 131.14] [-0.73, 132.14]
1.257913e+09 [-1.13, -43.45] [-0.93, -42.45] [-0.73, -41.45]
1.305952e+09 [-1.16, 136.32] [-0.96, 137.32] [-0.76, 138.32]
1.355825e+09 [-1.18, -50.81] [-0.98, -49.81] [-0.78, -48.81]
1.407602e+09 [-1.19, 114.96] [-0.99, 115.96] [-0.79, 116.96]
1.461357e+09 [-1.21, -86.68] [-1.01, -85.68] [-0.81, -84.68]
1.517164e+09 [-1.23, 63.93] [-1.03, 64.93] [-0.83, 65.93]
1.575103e+09 [-1.25, -153.52] [-1.05, -152.52] [-0.85, -151.52]
1.635254e+09 [-1.27, -19.12] [-1.07, -18.12] [-0.87, -17.12]
1.697703e+09 [-1.29, 106.62] [-1.09, 107.62] [-0.89, 108.62]
1.762536e+09 [-1.32, -136.57] [-1.12, -135.57] [-0.92, -134.57]
1.829845e+09 [-1.35, -29.09] [-1.15, -28.09] [-0.95, -27.09]
1.899725e+09 [-1.36, 68.85] [-1.16, 69.85] [-0.96, 70.85]
1.972273e+09 [-1.38, 156.55] [-1.18, 157.55] [-0.98, 158.55]
2.047592e+09 [-1.41, -125.94] [-1.21, -124.94] [-1.01, -123.94]
2.125787e+09 [-1.44, -59.29] [-1.24, -58.29] [-1.04, -57.29]
2.206969e+09 [-1.46, -3.88] [-1.26, -2.88] [-1.06, -1.88]
2.291250e+09 [-1.48, 40.05] [-1.28, 41.05] [-1.08, 42.05]
2.378751e+09 [-1.50, 71.83] [-1.30, 72.83] [-1.10, 73.83]
2.469592e+09 [-1.52, 91.09] [-1.32, 92.09] [-1.12, 93.09]
2.563903e+09 [-1.55, 97.27] [-1.35, 98.27] [-1.15, 99.27]
2.661816e+09 [-1.59, 89.99] [-1.39, 90.99] [-1.19, 91.99]
2.763468e+09 [-1.61, 68.69] [-1.41, 69.69] [-1.21, 70.69]
2.869001e+09 [-1.65, 32.68] [-1.45, 33.68] [-1.25, 34.68]
2.978565e+09 [-1.67, -18.21] [-1.47, -17.21] [-1.27, -16.21]
3.092313e+09 [-1.69, -85.02] [-1.49, -84.02] [-1.29, -83.02]
3.210405e+09 [-1.75, -167.81] [-1.55, -166.81] [-1.35, -165.81]
3.333007e+09 [-1.78, 92.14] [-1.58, 93.14] [-1.38, 94.14]
3.460290e+09 [-1.82, -25.20] [-1.62, -24.20] [-1.42, -23.20]
3.592435e+09 [-1.87, -160.79] [-1.67, -159.79] [-1.47, -158.79]
3.729626e+09 [-1.91, 44.61] [-1.71, 45.61] [-1.51, 46.61]
3.872056e+09 [-1.95, -129.75] [-1.75, -128.75] [-1.55, -127.75]
4.019925e+09 [-2.01, 35.53] [-1.81, 36.53] [-1.61, 37.53]
4.173442e+09 [-2.08, -180.23] [-1.88, -179.23] [-1.68, -178.23]
4.332821e+09 [-2.14, -57.76] [-1.94, -56.76] [-1.74, -55.76]
4.498286e+09 [-2.19, 41.80] [-1.99, 42.80] [-1.79, 43.80]
4.670071e+09 [-2.22, 117.56] [-2.02, 118.56] [-1.82, 119.56]
4.848415e+09 [-2.31, 168.67] [-2.11, 169.67] [-1.91, 170.67]
5.033571e+09 [-2.39, -164.81] [-2.19, -163.81] [-1.99, -162.81]
5.225797e+09 [-2.34, -165.77] [-2.14, -164.77] [-1.94, -163.77]
5.425364e+09 [-2.38, 166.30] [-2.18, 167.30] [-1.98, 168.30]
5.632553e+09 [-2.34, 109.36] [-2.14, 110.36] [-1.94, 111.36]
5.847653e+09 [-2.42, 22.57] [-2.22, 23.57] [-2.02, 24.57]
6.070969e+09 [-2.40, -95.24] [-2.20, -94.24] [-2.00, -93.24]
6.302812e+09 [-2.43, 115.33] [-2.23, 116.33] [-2.03, 117.33]
6.543509e+09 [-2.50, -67.50] [-2.30, -66.50] [-2.10, -65.50]
6.793398e+09 [-2.52, 75.07] [-2.32, 76.07] [-2.12, 77.07]
7.052830e+09 [-2.50, -177.84] [-2.30, -176.84] [-2.10, -175.84]
7.322170e+09 [-2.51, -107.89] [-2.31, -106.89] [-2.11, -105.89]
7.601795e+09 [-2.63, -76.88] [-2.43, -75.88] [-2.23, -74.88]
7.892099e+09 [-2.65, -85.65] [-2.45, -84.65] [-2.25, -83.65]
8.193489e+09 [-2.73, -136.41] [-2.53, -135.41] [-2.33, -134.41]
8.506389e+09 [-2.80, 130.43] [-2.60, 131.43] [-2.40, 132.43]
8.831239e+09 [-2.84, -7.54] [-2.64, -6.54] [-2.44, -5.54]
9.168493e+09 [-2.89, 166.71] [-2.69, 167.71] [-2.49, 168.71]
9.518628e+09 [-2.97, -65.76] [-2.77, -64.76] [-2.57, -63.76]
9.882133e+09 [-3.03, 9.99] [-2.83, 10.99] [-2.63, 11.99]
1.025952e+10 [-3.08, 34.89] [-2.88, 35.89] [-2.68, 36.89]
1.065132e+10 [-3.17, 6.27] [-2.97, 7.27] [-2.77, 8.27]
1.105808e+10 [-3.27, -78.83] [-3.07, -77.83] [-2.87, -76.83]
1.148038e+10 [-3.32, 138.30] [-3.12, 139.30] [-2.92, 140.30]
1.191880e+10 [-3.25, -67.58] [-3.05, -66.58] [-2.85, -65.58]
1.237396e+10 [-3.31, 25.94] [-3.11, 26.94] [-2.91, 27.94]
1.284651e+10 [-3.42, 52.43] [-3.22, 53.43] [-3.02, 54.43]
1.333711e+10 [-3.57, 14.04] [-3.37, 15.04] [-3.17, 16.04]
1.384643e+10 [-3.69, -97.92] [-3.49, -96.92] [-3.29, -95.92]
1.437521e+10 [-3.61, 79.16] [-3.41, 80.16] [-3.21, 81.16]
1.492419e+10 [-3.63, -179.74] [-3.43, -178.74] [-3.23, -177.74]
1.549412e+10 [-3.73, -158.00] [-3.53, -157.00] [-3.33, -156.00]
1.608583e+10 [-3.90, 141.43] [-3.70, 142.43] [-3.50, 143.43]
1.670013e+10 [-3.93, -2.35] [-3.73, -1.35] [-3.53, -0.35]
1.733789e+10 [-4.12, 123.42] [-3.92, 124.42] [-3.72, 125.42]
1.800000e+10 [-4.36, 161.12] [-4.16, 162.12] [-3.96, 163.12]
