FUNIT: Hz
UNIT: dB
1.000000e+07 [-0.36, -64.66] [-0.16, -63.66] [0.04, -62.66]
1.038189e+07 [-0.32, -66.85] [-0.12, -65.85] [0.08, -64.85]
1.077836e+07 [-0.32, -67.82] [-0.12, -66.82] [0.08, -65.82]
1.118997e+07 [-0.60, -72.19] [-0.40, -71.19] [-0.20, -70.19]
1.161731e+07 [-0.40, -73.29] [-0.20, -72.29] [-0.00, -71.29]
1.206096e+07 [-0.31, -76.91] [-0.11, -75.91] [0.09, -74.91]
1.252155e+07 [-0.35, -80.14] [-0.15, -79.14] [0.05, -78.14]
1.299974e+07 [-0.38, -82.46] [-0.18, -81.46] [0.02, -80.46]
1.349618e+07 [-0.33, -86.03] [-0.13, -85.03] [0.07, -84.03]
1.401158e+07 [-0.30, -89.29] [-0.10, -88.29] [0.10, -87.29]
1.454667e+07 [-0.43, -92.66] [-0.23, -91.66] [-0.03, -90.66]
1.510219e+07 [-0.52, -95.11] [-0.32, -94.11] [-0.12, -93.11]
1.567893e+07 [-0.38, -99.84] [-0.18, -98.84] [0.02, -97.84]
1.627769e+07 [-0.42, -103.01] [-0.22, -102.01] [-0.02, -101.01]
1.689931e+07 [-0.32, -106.99] [-0.12, -105.99] [0.08, -104.99]
1.754468e+07 [-0.35, -111.17] [-0.15, -110.17] [0.05, -109.17]
1.821469e+07 [-0.42, -115.05] [-0.22, -114.05] [-0.02, -113.05]
1.891029e+07 [-0.40, -119.74] [-0.20, -118.74] [-0.00, -117.74]
1.963245e+07 [-0.43, -124.66] [-0.23, -123.66] [-0.03, -122.66]
2.038219e+07 [-0.40, -129.07] [-0.20, -128.07] [-0.00, -127.07]
2.116056e+07 [-0.42, -133.52] [-0.22, -132.52] [-0.02, -131.52]
2.196866e+07 [-0.44, -138.92] [-0.24, -137.92] [-0.04, -136.92]
2.280762e+07 [-0.40, -143.85] [-0.20, -142.85] [-0.00, -141.85]
2.367862e+07 [-0.39, -149.77] [-0.19, -148.77] [0.01, -147.77]
2.458288e+07 [-0.39, -155.15] [-0.19, -154.15] [0.01, -153.15]
2.552167e+07 [-0.38, -160.97] [-0.18, -159.97] [0.02, -158.97]
2.649631e+07 [-0.41, -167.19] [-0.21, -166.19] [-0.01, -165.19]
2.750818e+07 [-0.41, -173.34] [-0.21, -172.34] [-0.01, -171.34]
2.855868e+07 [-0.41, -180.01] [-0.21, -179.01] [-0.01, -178.01]
2.964930e+07 [-0.37, 172.85] [-0.17, 173.85] [0.03, 174.85]
3.078158e+07 [-0.43, 166.29] [-0.23, 167.29] [-0.03, 168.29]
3.195709e+07 [-0.43, 158.65] [-0.23, 159.65] [-0.03, 160.65]
3.317750e+07 [-0.44, 150.99] [-0.24, 151.99] [-0.04, 152.99]
3.444451e+07 [-0.45, 143.06] [-0.25, 144.06] [-0.05, 145.06]
3.575990e+07 [-0.46, 135.06] [-0.26, 136.06] [-0.06, 137.06]
3.712553e+07 [-0.45, 126.27] [-0.25, 127.27] [-0.05, 128.27]
3.854331e+07 [-0.49, 117.59] [-0.29, 118.59] [-0.09, 119.59]
4.001524e+07 [-0.50, 108.21] [-0.30, 109.21] [-0.10, 110.21]
4.154338e+07 [-0.48, 99.09] [-0.28, 100.09] [-0.08, 101.09]
4.312987e+07 [-0.47, 88.97] [-0.27, 89.97] [-0.07, 90.97]
4.477695e+07 [-0.46, 78.81] [-0.26, 79.81] [-0.06, 80.81]
4.648693e+07 [-0.48, 67.84] [-0.28, 68.84] [-0.08, 69.84]
4.826221e+07 [-0.46, 56.74] [-0.26, 57.74] [-0.06, 58.74]
5.010529e+07 [-0.49, 45.33] [-0.29, 46.33] [-0.09, 47.33]
5.201875e+07 [-0.52, 33.23] [-0.32, 34.23] [-0.12, 35.23]
5.400529e+07 [-0.50, 21.05] [-0.30, 22.05] [-0.10, 23.05]
5.606769e+07 [-0.51, 8.19] [-0.31, 9.19] [-0.11, 10.19]
5.820885e+07 [-0.53, -5.19] [-0.33, -4.19] [-0.13, -3.19]
6.043178e+07 [-0.47, -19.25] [-0.27, -18.25] [-0.07, -17.25]
6.273960e+07 [-0.54, -33.67] [-0.34, -32.67] [-0.14, -31.67]
6.513556e+07 [-0.55, -48.58] [-0.35, -47.58] [-0.15, -46.58]
6.762301e+07 [-0.55, -64.08] [-0.35, -63.08] [-0.15, -62.08]
7.020545e+07 [-0.56, -79.99] [-0.36, -78.99] [-0.16, -77.99]
7.288652e+07 [-0.55, -96.91] [-0.35, -95.91] [-0.15, -94.91]
7.566997e+07 [-0.54, -114.19] [-0.34, -113.19] [-0.14, -112.19]
7.855972e+07 [-0.60, -132.23] [-0.40, -131.23] [-0.20, -130.23]
8.155983e+07 [-0.57, -151.03] [-0.37, -150.03] [-0.17, -149.03]
8.467450e+07 [-0.59, -170.53] [-0.39, -169.53] [-0.19, -168.53]
8.790813e+07 [-0.58, 169.37] [-0.38, 170.37] [-0.18, 171.37]
9.126524e+07 [-0.60, 148.48] [-0.40, 149.48] [-0.20, 150.48]
9.475055e+07 [-0.60, 126.67] [-0.40, 127.67] [-0.20, 128.67]
9.836897e+07 [-0.61, 104.12] [-0.41, 105.12] [-0.21, 106.12]
1.021256e+08 [-0.62, 80.85] [-0.42, 81.85] [-0.22, 82.85]
1.060256e+08 [-0.63, 56.35] [-0.43, 57.35] [-0.23, 58.35]
1.100746e+08 [-0.63, 31.08] [-0.43, 32.08] [-0.23, 33.08]
1.142782e+08 [-0.65, 4.88] [-0.45, 5.88] [-0.25, 6.88]
1.186424e+08 [-0.65, -22.20] [-0.45, -21.20] [-0.25, -20.20]
1.231732e+08 [-0.67, -50.50] [-0.47, -49.50] [-0.27, -48.50]
1.278771e+08 [-0.66, -79.87] [-0.46, -78.87] [-0.26, -77.87]
1.327605e+08 [-0.68, -110.35] [-0.48, -109.35] [-0.28, -108.35]
1.378305e+08 [-0.70, -141.94] [-0.50, -140.94] [-0.30, -139.94]
1.430941e+08 [-0.69, -174.76] [-0.49, -173.76] [-0.29, -172.76]
1.485587e+08 [-0.71, 151.23] [-0.51, 152.23] [-0.31, 153.23]
1.542320e+08 [-0.71, 115.84] [-0.51, 116.84] [-0.31, 117.84]
1.601219e+08 [-0.73, 79.07] [-0.53, 80.07] [-0.33, 81.07]
1.662368e+08 [-0.73, 40.98] [-0.53, 41.98] [-0.33, 42.98]
1.725852e+08 [-0.75, 1.36] [-0.55, 2.36] [-0.35, 3.36]
1.791760e+08 [-0.76, -39.64] [-0.56, -38.64] [-0.36, -37.64]
1.860186e+08 [-0.77, -82.34] [-0.57, -81.34] [-0.37, -80.34]
1.931224e+08 [-0.78, -126.68] [-0.58, -125.68] [-0.38, -124.68]
2.004975e+08 [-0.80, -172.59] [-0.60, -171.59] [-0.40, -170.59]
2.081543e+08 [-0.81, 139.64] [-0.61, 140.64] [-0.41, 141.64]
2.161035e+08 [-0.83, 90.17] [-0.63, 91.17] [-0.43, 92.17]
2.243562e+08 [-0.82, 38.67] [-0.62, 39.67] [-0.42, 40.67]
2.329241e+08 [-0.85, -14.73] [-0.65, -13.73] [-0.45, -12.73]
2.418192e+08 [-0.86, -70.20] [-0.66, -69.20] [-0.46, -68.20]
2.510540e+08 [-0.87, -127.74] [-0.67, -126.74] [-0.47, -125.74]
2.606415e+08 [-0.89, 172.54] [-0.69, 173.54] [-0.49, 174.54]
2.705951e+08 [-0.91, 110.48] [-0.71, 111.48] [-0.51, 112.48]
2.809288e+08 [-0.92, 46.13] [-0.72, 47.13] [-0.52, 48.13]
2.916571e+08 [-0.94, -20.65] [-0.74, -19.65] [-0.54, -18.65]
3.027952e+08 [-0.95, -90.05] [-0.75, -89.05] [-0.55, -88.05]
3.143586e+08 [-0.97, -162.06] [-0.77, -161.06] [-0.57, -160.06]
3.263636e+08 [-0.98, 123.11] [-0.78, 124.11] [-0.58, 125.11]
3.388271e+08 [-0.99, 45.47] [-0.79, 46.47] [-0.59, 47.47]
3.517665e+08 [-1.00, -35.20] [-0.80, -34.20] [-0.60, -33.20]
3.652000e+08 [-1.02, -118.91] [-0.82, -117.91] [-0.62, -116.91]
3.791466e+08 [-1.04, 154.19] [-0.84, 155.19] [-0.64, 156.19]
3.936258e+08 [-1.07, 63.93] [-0.87, 64.93] [-0.67, 65.93]
4.086579e+08 [-1.10, -29.63] [-0.90, -28.63] [-0.70, -27.63]
4.242641e+08 [-1.12, -126.78] [-0.92, -125.78] [-0.72, -124.78]
4.404662e+08 [-1.12, 132.39] [-0.92, 133.39] [-0.72, 134.39]
4.572871e+08 [-1.13, 27.55] [-0.93, 28.55] [-0.73, 29.55]
4.747504e+08 [-1.15, -81.30] [-0.95, -80.30] [-0.75, -79.30]
4.928806e+08 [-1.18, 165.78] [-0.98, 166.78] [-0.78, 167.78]
5.117031e+08 [-1.20, 48.53] [-1.00, 49.53] [-0.80, 50.53]
5.312445e+08 [-1.23, -73.20] [-1.03, -72.20] [-0.83, -71.20]
5.515321e+08 [-1.25, 160.52] [-1.05, 161.52] [-0.85, 162.52]
5.725945e+08 [-1.27, 29.35] [-1.07, 30.35] [-0.87, 31.35]
5.944612e+08 [-1.29, -106.87] [-1.09, -105.87] [-0.89, -104.87]
6.171630e+08 [-1.31, 111.76] [-1.11, 112.76] [-0.91, 113.76]
6.407317e+08 [-1.34, -35.04] [-1.14, -34.04] [-0.94, -33.04]
6.652006e+08 [-1.37, 172.57] [-1.17, 173.57] [-0.97, 174.57]
6.906038e+08 [-1.39, 14.35] [-1.19, 15.35] [-0.99, 16.35]
7.169772e+08 [-1.42, -149.86] [-1.22, -148.86] [-1.02, -147.86]
7.443577e+08 [-1.45, 39.62] [-1.25, 40.62] [-1.05, 41.62]
7.727839e+08 [-1.48, -137.41] [-1.28, -136.41] [-1.08, -135.41]
8.022956e+08 [-1.51, 38.91] [-1.31, 39.91] [-1.11, 40.91]
8.329344e+08 [-1.54, -151.89] [-1.34, -150.89] [-1.14, -149.89]
8.647432e+08 [-1.57, 10.01] [-1.37, 11.01] [-1.17, 12.01]
8.977667e+08 [-1.61, 164.35] [-1.41, 165.35] [-1.21, 166.35]
9.320514e+08 [-1.64, -49.09] [-1.44, -48.09] [-1.24, -47.09]
9.676454e+08 [-1.68, 89.38] [-1.48, 90.38] [-1.28, 91.38]
1.004599e+09 [-1.71, -140.72] [-1.51, -139.72] [-1.31, -138.72]
1.042963e+09 [-1.75, -19.64] [-1.55, -18.64] [-1.35, -17.64]
1.082793e+09 [-1.80, 92.41] [-1.60, 93.41] [-1.40, 94.41]
1.124143e+09 [-1.84, -165.02] [-1.64, -164.02] [-1.44, -163.02]
1.167073e+09 [-1.87, -72.27] [-1.67, -71.27] [-1.47, -70.27]
1.211642e+09 [-1.93, 10.23] [-1.73, 11.23] [-1.53, 12.23]
1.257913e+09 [-1.97, 82.31] [-1.77, 83.31] [-1.57, 84.31]
1.305952e+09 [-2.01, 143.19] [-1.81, 144.19] [-1.61, 145.19]
1.355825e+09 [-2.08, -167.17] [-1.88, -166.17] [-1.68, -165.17]
1.407602e+09 [-2.11, -129.41] [-1.91, -128.41] [-1.71, -127.41]
1.461357e+09 [-2.17, -103.97] [-1.97, -102.97] [-1.77, -101.97]
1.517164e+09 [-2.22, -91.32] [-2.02, -90.32] [-1.82, -89.32]
1.575103e+09 [-2.27, -91.94] [-2.07, -90.94] [-1.87, -89.94]
1.635254e+09 [-2.34, -106.16] [-2.14, -105.16] [-1.94, -104.16]
1.697703e+09 [-2.38, -134.78] [-2.18, -133.78] [-1.98, -132.78]
1.762536e+09 [-2.46, -178.00] [-2.26, -177.00] [-2.06, -176.00]
1.829845e+09 [-2.49, 123.20] [-2.29, 124.20] [-2.09, 125.20]
1.899725e+09 [-2.54, 48.53] [-2.34, 49.53] [-2.14, 50.53]
1.972273e+09 [-2.58, -42.90] [-2.38, -41.90] [-2.18, -40.90]
2.047592e+09 [-2.61, -151.43] [-2.41, -150.43] [-2.21, -149.43]
2.125787e+09 [-2.63, 82.10] [-2.43, 83.10] [-2.23, 84.10]
2.206969e+09 [-2.66, -63.13] [-2.46, -62.13] [-2.26, -61.13]
2.291250e+09 [-2.68, 132.46] [-2.48, 133.46] [-2.28, 134.46]
2.378751e+09 [-2.72, -51.68] [-2.52, -50.68] [-2.32, -49.68]
2.469592e+09 [-2.76, 102.91] [-2.56, 103.91] [-2.36, 104.91]
2.563903e+09 [-2.74, -124.07] [-2.54, -123.07] [-2.34, -122.07]
2.661816e+09 [-2.79, -13.42] [-2.59, -12.42] [-2.39, -11.42]
2.763468e+09 [-2.85, 74.03] [-2.65, 75.03] [-2.45, 76.03]
2.869001e+09 [-2.86, 136.96] [-2.66, 137.96] [-2.46, 138.96]
2.978565e+09 [-2.81, 174.78] [-2.61, 175.78] [-2.41, 176.78]
3.092313e+09 [-3.05, -174.45] [-2.85, -173.45] [-2.65, -172.45]
3.210405e+09 [-3.08, 173.33] [-2.88, 174.33] [-2.68, 175.33]
3.333007e+09 [-2.99, 129.89] [-2.79, 130.89] [-2.59, 131.89]
3.460290e+09 [-3.00, 57.44] [-2.80, 58.44] [-2.60, 59.44]
3.592435e+09 [-3.03, -45.05] [-2.83, -44.05] [-2.63, -43.05]
3.729626e+09 [-3.02, -179.06] [-2.82, -178.06] [-2.62, -177.06]
3.872056e+09 [-3.10, 14.25] [-2.90, 15.25] [-2.70, 16.25]
4.019925e+09 [-3.13, 173.90] [-2.93, 174.90] [-2.73, 175.90]
4.173442e+09 [-3.18, -61.98] [-2.98, -60.98] [-2.78, -59.98]
4.332821e+09 [-3.32, 25.84] [-3.12, 26.84] [-2.92, 27.84]
4.498286e+09 [-3.49, 75.43] [-3.29, 76.43] [-3.09, 77.43]
4.670071e+09 [-3.49, 87.50] [-3.29, 88.50] [-3.09, 89.50]
4.848415e+09 [-3.45, 56.99] [-3.25, 57.99] [-3.05, 58.99]
5.033571e+09 [-3.56, -15.38] [-3.36, -14.38] [-3.16, -13.38]
5.225797e+09 [-3.73, -132.45] [-3.53, -131.45] [-3.33, -130.45]
5.425364e+09 [-3.81, 65.28] [-3.61, 66.28] [-3.41, 67.28]
5.632553e+09 [-3.89, -143.90] [-3.69, -142.90] [-3.49, -141.90]
5.847653e+09 [-4.24, -43.30] [-4.04, -42.30] [-3.84, -41.30]
6.070969e+09 [-4.30, 6.52] [-4.10, 7.52] [-3.90, 8.52]
6.302812e+09 [-4.60, 5.55] [-4.40, 6.55] [-4.20, 7.55]
6.543509e+09 [-4.34, -53.39] [-4.14, -52.39] [-3.94, -51.39]
6.793398e+09 [-4.64, -170.50] [-4.44, -169.50] [-4.24, -168.50]
7.052830e+09 [-4.81, 16.55] [-4.61, 17.55] [-4.41, 18.55]
7.322170e+09 [-5.38, 141.53] [-5.18, 142.53] [-4.98, 143.53]
7.601795e+09 [-5.16, -156.56] [-4.96, -155.56] [-4.76, -154.56]
7.892099e+09 [-4.78, -164.79] [-4.58, -163.79] [-4.38, -162.79]
8.193489e+09 [-5.10, 117.61] [-4.90, 118.61] [-4.70, 119.61]
8.506389e+09 [-5.21, -29.37] [-5.01, -28.37] [-4.81, -27.37]
8.831239e+09 [-5.51, 109.04] [-5.31, 110.04] [-5.11, 111.04]
9.168493e+09 [-5.51, 164.61] [-5.31, 165.61] [-5.11, 166.61]
9.518628e+09 [-5.89, 151.63] [-5.69, 152.63] [-5.49, 153.63]
9.882133e+09 [-6.52, 43.99] [-6.32, 44.99] [-6.12, 45.99]
1.025952e+10 [-5.78, -144.65] [-5.58, -143.65] [-5.38, -142.65]
1.065132e+10 [-5.78, -62.33] [-5.58, -61.33] [-5.38, -60.33]
1.105808e+10 [-6.63, -75.34] [-6.43, -74.34] [-6.23, -73.34]
1.148038e+10 [-6.46, 178.23] [-6.26, 179.23] [-6.06, 180.23]
1.191880e+10 [-7.66, -35.17] [-7.46, -34.17] [-7.26, -33.17]
1.237396e+10 [-7.52, 19.56] [-7.32, 20.56] [-7.12, 21.56]
1.284651e+10 [-6.65, -52.53] [-6.45, -51.53] [-6.25, -50.53]
1.333711e+10 [-7.69, 131.72] [-7.49, 132.72] [-7.29, 133.72]
1.384643e+10 [-7.03, -160.16] [-6.83, -159.16] [-6.63, -158.16]
1.437521e+10 [-7.23, 141.50] [-7.03, 142.50] [-6.83, 143.50]
1.492419e+10 [-7.99, -36.13] [-7.79, -35.13] [-7.59, -34.13]
1.549412e+10 [-7.60, 11.15] [-7.40, 12.15] [-7.20, 13.15]
1.608583e+10 [-10.31, -87.28] [-10.11, -86.28] [-9.91, -85.28]
1.670013e+10 [-8.28, 51.49] [-8.08, 52.49] [-7.88, 53.49]
1.733789e+10 [-7.94, 18.55] [-7.74, 19.55] [-7.54, 20.55]
1.800000e+10 [-9.43, -153.52] [-9.23, -152.52] [-9.03, -151.52]
