FUNIT: Hz
UNIT: dB
1.000000e+07 [-0.47, -35.55] [-0.27, -34.55] [-0.07, -33.55]
1.038189e+07 [-0.09, -37.75] [0.11, -36.75] [0.31, -35.75]
1.077836e+07 [-0.31, -37.45] [-0.11, -36.45] [0.09, -35.45]
1.118997e+07 [-0.32, -41.20] [-0.12, -40.20] [0.08, -39.20]
1.161731e+07 [-0.67, -41.87] [-0.47, -40.87] [-0.27, -39.87]
1.206096e+07 [-0.54, -42.58] [-0.34, -41.58] [-0.14, -40.58]
1.252155e+07 [-0.70, -43.91] [-0.50, -42.91] [-0.30, -41.91]
1.299974e+07 [-0.13, -44.14] [0.07, -43.14] [0.27, -42.14]
1.349618e+07 [-0.15, -47.98] [0.05, -46.98] [0.25, -45.98]
1.401158e+07 [-0.68, -49.93] [-0.48, -48.93] [-0.28, -47.93]
1.454667e+07 [-0.04, -49.76] [0.16, -48.76] [0.36, -47.76]
1.510219e+07 [0.01, -53.66] [0.21, -52.66] [0.41, -51.66]
1.567893e+07 [-0.05, -54.64] [0.15, -53.64] [0.35, -52.64]
1.627769e+07 [-0.30, -55.69] [-0.10, -54.69] [0.10, -53.69]
1.689931e+07 [-0.10, -56.83] [0.10, -55.83] [0.30, -54.83]
1.754468e+07 [-0.14, -60.27] [0.06, -59.27] [0.26, -58.27]
1.821469e+07 [-0.07, -62.55] [0.13, -61.55] [0.33, -60.55]
1.891029e+07 [-0.18, -65.51] [0.02, -64.51] [0.22, -63.51]
1.963245e+07 [-0.38, -66.26] [-0.18, -65.26] [0.02, -64.26]
2.038219e+07 [-0.20, -69.96] [0.00, -68.96] [0.20, -67.96]
2.116056e+07 [-0.32, -72.14] [-0.12, -71.14] [0.08, -70.14]
2.196866e+07 [-0.22, -76.57] [-0.02, -75.57] [0.18, -74.57]
2.280762e+07 [-0.51, -77.64] [-0.31, -76.64] [-0.11, -75.64]
2.367862e+07 [-0.41, -81.61] [-0.21, -80.61] [-0.01, -79.61]
2.458288e+07 [-0.30, -84.25] [-0.10, -83.25] [0.10, -82.25]
2.552167e+07 [-0.10, -87.50] [0.10, -86.50] [0.30, -85.50]
2.649631e+07 [-0.32, -91.34] [-0.12, -90.34] [0.08, -89.34]
2.750818e+07 [-0.32, -92.86] [-0.12, -91.86] [0.08, -90.86]
2.855868e+07 [-0.20, -98.42] [0.00, -97.42] [0.20, -96.42]
2.964930e+07 [-0.58, -101.87] [-0.38, -100.87] [-0.18, -99.87]
3.078158e+07 [-0.44, -104.65] [-0.24, -103.65] [-0.04, -102.65]
3.195709e+07 [-0.21, -109.21] [-0.01, -108.21] [0.19, -107.21]
3.317750e+07 [-0.30, -113.66] [-0.10, -112.66] [0.10, -111.66]
3.444451e+07 [-0.24, -116.85] [-0.04, -115.85] [0.16, -114.85]
3.575990e+07 [-0.20, -120.39] [-0.00, -119.39] [0.20, -118.39]
3.712553e+07 [-0.40, -125.94] [-0.20, -124.94] [-0.00, -123.94]
3.854331e+07 [-0.19, -131.41] [0.01, -130.41] [0.21, -129.41]
4.001524e+07 [-0.32, -136.03] [-0.12, -135.03] [0.08, -134.03]
4.154338e+07 [-0.37, -141.80] [-0.17, -140.80] [0.03, -139.80]
4.312987e+07 [-0.35, -145.97] [-0.15, -144.97] [0.05, -143.97]
4.477695e+07 [-0.35, -151.07] [-0.15, -150.07] [0.05, -149.07]
4.648693e+07 [-0.27, -157.60] [-0.07, -156.60] [0.13, -155.60]
4.826221e+07 [-0.45, -163.58] [-0.25, -162.58] [-0.05, -161.58]
5.010529e+07 [-0.45, -169.33] [-0.25, -168.33] [-0.05, -167.33]
5.201875e+07 [-0.21, -175.97] [-0.01, -174.97] [0.19, -173.97]
5.400529e+07 [-0.29, 177.52] [-0.09, 178.52] [0.11, 179.52]
5.606769e+07 [-0.34, 169.97] [-0.14, 170.97] [0.06, 171.97]
5.820885e+07 [-0.37, 162.70] [-0.17, 163.70] [0.03, 164.70]
6.043178e+07 [-0.36, 155.75] [-0.16, 156.75] [0.04, 157.75]
6.273960e+07 [-0.40, 148.14] [-0.20, 149.14] [0.00, 150.14]
6.513556e+07 [-0.29, 139.91] [-0.09, 140.91] [0.11, 141.91]
6.762301e+07 [-0.36, 131.75] [-0.16, 132.75] [0.04, 133.75]
7.020545e+07 [-0.35, 123.02] [-0.15, 124.02] [0.05, 125.02]
7.288652e+07 [-0.33, 114.44] [-0.13, 115.44] [0.07, 116.44]
7.566997e+07 [-0.40, 104.46] [-0.20, 105.46] [-0.00, 106.46]
7.855972e+07 [-0.34, 95.23] [-0.14, 96.23] [0.06, 97.23]
8.155983e+07 [-0.40, 84.70] [-0.20, 85.70] [0.00, 86.70]
8.467450e+07 [-0.34, 74.32] [-0.14, 75.32] [0.06, 76.32]
8.790813e+07 [-0.38, 63.50] [-0.18, 64.50] [0.02, 65.50]
9.126524e+07 [-0.40, 52.46] [-0.20, 53.46] [0.00, 54.46]
9.475055e+07 [-0.38, 40.93] [-0.18, 41.93] [0.02, 42.93]
9.836897e+07 [-0.41, 28.79] [-0.21, 29.79] [-0.01, 30.79]
1.021256e+08 [-0.42, 16.17] [-0.22, 17.17] [-0.02, 18.17]
1.060256e+08 [-0.43, 3.30] [-0.23, 4.30] [-0.03, 5.30]
1.100746e+08 [-0.43, -10.41] [-0.23, -9.41] [-0.03, -8.41]
1.142782e+08 [-0.43, -24.60] [-0.23, -23.60] [-0.03, -22.60]
1.186424e+08 [-0.48, -39.15] [-0.28, -38.15] [-0.08, -37.15]
1.231732e+08 [-0.43, -54.11] [-0.23, -53.11] [-0.03, -52.11]
1.278771e+08 [-0.46, -69.94] [-0.26, -68.94] [-0.06, -67.94]
1.327605e+08 [-0.40, -86.45] [-0.20, -85.45] [-0.00, -84.45]
1.378305e+08 [-0.42, -103.37] [-0.22, -102.37] [-0.02, -101.37]
1.430941e+08 [-0.46, -121.02] [-0.26, -120.02] [-0.06, -119.02]
1.485587e+08 [-0.46, -139.30] [-0.26, -138.30] [-0.06, -137.30]
1.542320e+08 [-0.43, -158.18] [-0.23, -157.18] [-0.03, -156.18]
1.601219e+08 [-0.46, -177.97] [-0.26, -176.97] [-0.06, -175.97]
1.662368e+08 [-0.49, 161.65] [-0.29, 162.65] [-0.09, 163.65]
1.725852e+08 [-0.48, 140.14] [-0.28, 141.14] [-0.08, 142.14]
1.791760e+08 [-0.50, 118.23] [-0.30, 119.23] [-0.10, 120.23]
1.860186e+08 [-0.51, 95.22] [-0.31, 96.22] [-0.11, 97.22]
1.931224e+08 [-0.52, 71.48] [-0.32, 72.48] [-0.12, 73.48]
2.004975e+08 [-0.50, 46.96] [-0.30, 47.96] [-0.10, 48.96]
2.081543e+08 [-0.48, 21.15] [-0.28, 22.15] [-0.08, 23.15]
2.161035e+08 [-0.52, -5.23] [-0.32, -4.23] [-0.12, -3.23]
2.243562e+08 [-0.55, -32.93] [-0.35, -31.93] [-0.15, -30.93]
2.329241e+08 [-0.53, -61.49] [-0.33, -60.49] [-0.13, -59.49]
2.418192e+08 [-0.55, -91.39] [-0.35, -90.39] [-0.15, -89.39]
2.510540e+08 [-0.55, -122.22] [-0.35, -121.22] [-0.15, -120.22]
2.606415e+08 [-0.56, -154.16] [-0.36, -153.16] [-0.16, -152.16]
2.705951e+08 [-0.56, 172.52] [-0.36, 173.52] [-0.16, 174.52]
2.809288e+08 [-0.57, 137.89] [-0.37, 138.89] [-0.17, 139.89]
2.916571e+08 [-0.58, 102.05] [-0.38, 103.05] [-0.18, 104.05]
3.027952e+08 [-0.58, 64.69] [-0.38, 65.69] [-0.18, 66.69]
3.143586e+08 [-0.60, 26.13] [-0.40, 27.13] [-0.20, 28.13]
3.263636e+08 [-0.60, -14.08] [-0.40, -13.08] [-0.20, -12.08]
3.388271e+08 [-0.62, -55.73] [-0.42, -54.73] [-0.22, -53.73]
3.517665e+08 [-0.63, -99.03] [-0.43, -98.03] [-0.23, -97.03]
3.652000e+08 [-0.63, -143.90] [-0.43, -142.90] [-0.23, -141.90]
3.791466e+08 [-0.63, 169.39] [-0.43, 170.39] [-0.23, 171.39]
3.936258e+08 [-0.65, 120.99] [-0.45, 121.99] [-0.25, 122.99]
4.086579e+08 [-0.65, 70.71] [-0.45, 71.71] [-0.25, 72.71]
4.242641e+08 [-0.67, 18.50] [-0.47, 19.50] [-0.27, 20.50]
4.404662e+08 [-0.68, -35.79] [-0.48, -34.79] [-0.28, -33.79]
4.572871e+08 [-0.69, -91.98] [-0.49, -90.98] [-0.29, -89.98]
4.747504e+08 [-0.70, -150.30] [-0.50, -149.30] [-0.30, -148.30]
4.928806e+08 [-0.71, 149.12] [-0.51, 150.12] [-0.31, 151.12]
5.117031e+08 [-0.72, 86.02] [-0.52, 87.02] [-0.32, 88.02]
5.312445e+08 [-0.73, 20.65] [-0.53, 21.65] [-0.33, 22.65]
5.515321e+08 [-0.74, -47.17] [-0.54, -46.17] [-0.34, -45.17]
5.725945e+08 [-0.75, -117.56] [-0.55, -116.56] [-0.35, -115.56]
5.944612e+08 [-0.76, 169.32] [-0.56, 170.32] [-0.36, 171.32]
6.171630e+08 [-0.76, 93.33] [-0.56, 94.33] [-0.36, 95.33]
6.407317e+08 [-0.79, 14.59] [-0.59, 15.59] [-0.39, 16.59]
6.652006e+08 [-0.80, -67.16] [-0.60, -66.16] [-0.40, -65.16]
6.906038e+08 [-0.81, -152.05] [-0.61, -151.05] [-0.41, -150.05]
7.169772e+08 [-0.82, 119.78] [-0.62, 120.78] [-0.42, 121.78]
7.443577e+08 [-0.84, 28.28] [-0.64, 29.28] [-0.44, 30.28]
7.727839e+08 [-0.85, -66.78] [-0.65, -65.78] [-0.45, -64.78]
8.022956e+08 [-0.85, -165.51] [-0.65, -164.51] [-0.45, -163.51]
8.329344e+08 [-0.87, 92.01] [-0.67, 93.01] [-0.47, 94.01]
8.647432e+08 [-0.89, -14.28] [-0.69, -13.28] [-0.49, -12.28]
8.977667e+08 [-0.90, -124.69] [-0.70, -123.69] [-0.50, -122.69]
9.320514e+08 [-0.91, 120.81] [-0.71, 121.81] [-0.51, 122.81]
9.676454e+08 [-0.92, 1.78] [-0.72, 2.78] [-0.52, 3.78]
1.004599e+09 [-0.94, -121.80] [-0.74, -120.80] [-0.54, -119.80]
1.042963e+09 [-0.96, 109.98] [-0.76, 110.98] [-0.56, 111.98]
1.082793e+09 [-0.97, -23.13] [-0.77, -22.13] [-0.57, -21.13]
1.124143e+09 [-0.99, -161.39] [-0.79, -160.39] [-0.59, -159.39]
1.167073e+09 [-1.00, 55.19] [-0.80, 56.19] [-0.60, 57.19]
1.211642e+09 [-1.01, -93.76] [-0.81, -92.76] [-0.61, -91.76]
1.257913e+09 [-1.03, 111.57] [-0.83, 112.57] [-0.63, 113.57]
1.305952e+09 [-1.04, -48.99] [-0.84, -47.99] [-0.64, -46.99]
1.355825e+09 [-1.07, 144.29] [-0.87, 145.29] [-0.67, 146.29]
1.407602e+09 [-1.08, -28.80] [-0.88, -27.80] [-0.68, -26.80]
1.461357e+09 [-1.10, 151.56] [-0.90, 152.56] [-0.70, 153.56]
1.517164e+09 [-1.12, -34.95] [-0.92, -33.95] [-0.72, -32.95]
1.575103e+09 [-1.14, 131.44] [-0.94, 132.44] [-0.74, 133.44]
1.635254e+09 [-1.15, -69.58] [-0.95, -68.58] [-0.75, -67.58]
1.697703e+09 [-1.18, 81.74] [-0.98, 82.74] [-0.78, 83.74]
1.762536e+09 [-1.19, -135.05] [-0.99, -134.05] [-0.79, -133.05]
1.829845e+09 [-1.22, -0.14] [-1.02, 0.86] [-0.82, 1.86]
1.899725e+09 [-1.23, 126.14] [-1.03, 127.14] [-0.83, 128.14]
1.972273e+09 [-1.25, -116.11] [-1.05, -115.11] [-0.85, -114.11]
2.047592e+09 [-1.27, -7.89] [-1.07, -6.89] [-0.87, -5.89]
2.125787e+09 [-1.29, 90.88] [-1.09, 91.88] [-0.89, 92.88]
2.206969e+09 [-1.32, -180.53] [-1.12, -179.53] [-0.92, -178.53]
2.291250e+09 [-1.34, -102.16] [-1.14, -101.16] [-0.94, -100.16]
2.378751e+09 [-1.36, -34.54] [-1.16, -33.54] [-0.96, -32.54]
2.469592e+09 [-1.38, 21.81] [-1.18, 22.81] [-0.98, 23.81]
2.563903e+09 [-1.40, 66.63] [-1.20, 67.63] [-1.00, 68.63]
2.661816e+09 [-1.43, 99.27] [-1.23, 100.27] [-1.03, 101.27]
2.763468e+09 [-1.46, 119.74] [-1.26, 120.74] [-1.06, 121.74]
2.869001e+09 [-1.48, 127.12] [-1.28, 128.12] [-1.08, 129.12]
2.978565e+09 [-1.50, 121.02] [-1.30, 122.02] [-1.10, 123.02]
3.092313e+09 [-1.54, 100.74] [-1.34, 101.74] [-1.14, 102.74]
3.210405e+09 [-1.57, 66.16] [-1.37, 67.16] [-1.17, 68.16]
3.333007e+09 [-1.60, 16.58] [-1.40, 17.58] [-1.20, 18.58]
3.460290e+09 [-1.61, -48.93] [-1.41, -47.93] [-1.21, -46.93]
3.592435e+09 [-1.63, -130.47] [-1.43, -129.47] [-1.23, -128.47]
3.729626e+09 [-1.67, 131.18] [-1.47, 132.18] [-1.27, 133.18]
3.872056e+09 [-1.71, 15.16] [-1.51, 16.16] [-1.31, 17.16]
4.019925e+09 [-1.74, -118.72] [-1.54, -117.72] [-1.34, -116.72]
4.173442e+09 [-1.77, 88.42] [-1.57, 89.42] [-1.37, 90.42]
4.332821e+09 [-1.80, -84.22] [-1.60, -83.22] [-1.40, -82.22]
4.498286e+09 [-1.84, 82.89] [-1.64, 83.89] [-1.44, 84.89]
4.670071e+09 [-1.89, -130.97] [-1.69, -129.97] [-1.49, -128.97]
4.848415e+09 [-1.92, -6.78] [-1.72, -5.78] [-1.52, -4.78]
5.033571e+09 [-1.95, 94.42] [-1.75, 95.42] [-1.55, 96.42]
5.225797e+09 [-2.01, 172.49] [-1.81, 173.49] [-1.61, 174.49]
5.425364e+09 [-2.02, -134.75] [-1.82, -133.75] [-1.62, -132.75]
5.632553e+09 [-2.08, -107.29] [-1.88, -106.29] [-1.68, -105.29]
5.847653e+09 [-2.10, -105.95] [-1.90, -104.95] [-1.70, -103.95]
6.070969e+09 [-2.17, -131.88] [-1.97, -130.88] [-1.77, -129.88]
6.302812e+09 [-2.18, 173.34] [-1.98, 174.34] [-1.78, 175.34]
6.543509e+09 [-2.22, 89.24] [-2.02, 90.24] [-1.82, 91.24]
6.793398e+09 [-2.28, -25.72] [-2.08, -24.72] [-1.88, -23.72]
7.052830e+09 [-2.32, -172.61] [-2.12, -171.61] [-1.92, -170.61]
7.322170e+09 [-2.38, 7.57] [-2.18, 8.57] [-1.98, 9.57]
7.601795e+09 [-2.36, 153.10] [-2.16, 154.10] [-1.96, 155.10]
7.892099e+09 [-2.44, -96.89] [-2.24, -95.89] [-2.04, -94.89]
8.193489e+09 [-2.43, -24.00] [-2.23, -23.00] [-2.03, -22.00]
8.506389e+09 [-2.49, 10.61] [-2.29, 11.61] [-2.09, 12.61]
8.831239e+09 [-2.53, 5.14] [-2.33, 6.14] [-2.13, 7.14]
9.168493e+09 [-2.58, -41.71] [-2.38, -40.71] [-2.18, -39.71]
9.518628e+09 [-2.66, -131.53] [-2.46, -130.53] [-2.26, -129.53]
9.882133e+09 [-2.70, 94.03] [-2.50, 95.03] [-2.30, 96.03]
1.025952e+10 [-2.75, -86.92] [-2.55, -85.92] [-2.35, -84.92]
1.065132e+10 [-2.83, 43.73] [-2.63, 44.73] [-2.43, 45.73]
1.105808e+10 [-2.95, 124.56] [-2.75, 125.56] [-2.55, 126.56]
1.148038e+10 [-2.98, 152.92] [-2.78, 153.92] [-2.58, 154.92]
1.191880e+10 [-3.01, 127.80] [-2.81, 128.80] [-2.61, 129.80]
1.237396e+10 [-3.08, 46.77] [-2.88, 47.77] [-2.68, 48.77]
1.284651e+10 [-3.20, -91.87] [-3.00, -90.87] [-2.80, -89.87]
1.333711e+10 [-3.21, 68.72] [-3.01, 69.72] [-2.81, 70.72]
1.384643e+10 [-3.29, 166.42] [-3.09, 167.42] [-2.89, 168.42]
1.437521e+10 [-3.33, -160.82] [-3.13, -159.82] [-2.93, -158.82]
1.492419e+10 [-3.40, 165.12] [-3.20, 166.12] [-3.00, 167.12]
1.549412e+10 [-3.52, 60.19] [-3.32, 61.19] [-3.12, 62.19]
1.608583e+10 [-3.45, -117.75] [-3.25, -116.75] [-3.05, -115.75]
1.670013e+10 [-3.60, -11.51] [-3.40, -10.51] [-3.20, -9.51]
1.733789e+10 [-3.77, 17.72] [-3.57, 18.72] [-3.37, 19.72]
1.800000e+10 [-4.00, -35.64] [-3.80, -34.64] [-3.60, -33.64]
