FUNIT: Hz
UNIT: dB
0 [0.0, 0.0] [0.0, 0.0] [0.0, 0.0]
1.000000e+07 [-0.32, -51.62] [-0.12, -50.62] [0.08, -49.62]
1.038189e+07 [-0.34, -53.46] [-0.14, -52.46] [0.06, -51.46]
1.077836e+07 [-0.29, -56.86] [-0.09, -55.86] [0.11, -54.86]
1.118997e+07 [-0.31, -59.08] [-0.11, -58.08] [0.09, -57.08]
1.161731e+07 [-0.13, -61.76] [0.07, -60.76] [0.27, -59.76]
1.206096e+07 [-0.34, -64.52] [-0.14, -63.52] [0.06, -62.52]
1.252155e+07 [-0.40, -66.34] [-0.20, -65.34] [0.00, -64.34]
1.299974e+07 [-0.30, -68.00] [-0.10, -67.00] [0.10, -66.00]
1.349618e+07 [-0.32, -70.73] [-0.12, -69.73] [0.08, -68.73]
1.401158e+07 [-0.33, -73.21] [-0.13, -72.21] [0.07, -71.21]
1.454667e+07 [-0.35, -75.54] [-0.15, -74.54] [0.05, -73.54]
1.510219e+07 [-0.37, -78.94] [-0.17, -77.94] [0.03, -76.94]
1.567893e+07 [-0.34, -82.64] [-0.14, -81.64] [0.06, -80.64]
1.627769e+07 [-0.34, -85.18] [-0.14, -84.18] [0.06, -83.18]
1.689931e+07 [-0.30, -87.86] [-0.10, -86.86] [0.10, -85.86]
1.754468e+07 [-0.40, -91.56] [-0.20, -90.56] [-0.00, -89.56]
1.821469e+07 [-0.34, -95.05] [-0.14, -94.05] [0.06, -93.05]
1.891029e+07 [-0.39, -98.96] [-0.19, -97.96] [0.01, -96.96]
1.963245e+07 [-0.32, -101.94] [-0.12, -100.94] [0.08, -99.94]
2.038219e+07 [-0.38, -106.24] [-0.18, -105.24] [0.02, -104.24]
2.116056e+07 [-0.30, -110.43] [-0.10, -109.43] [0.10, -108.43]
2.196866e+07 [-0.32, -114.35] [-0.12, -113.35] [0.08, -112.35]
2.280762e+07 [-0.40, -118.16] [-0.20, -117.16] [-0.00, -116.16]
2.367862e+07 [-0.32, -122.82] [-0.12, -121.82] [0.08, -120.82]
2.458288e+07 [-0.36, -127.55] [-0.16, -126.55] [0.04, -125.55]
2.552167e+07 [-0.41, -132.64] [-0.21, -131.64] [-0.01, -130.64]
2.649631e+07 [-0.34, -137.61] [-0.14, -136.61] [0.06, -135.61]
2.750818e+07 [-0.37, -142.75] [-0.17, -141.75] [0.03, -140.75]
2.855868e+07 [-0.30, -148.23] [-0.10, -147.23] [0.10, -146.23]
2.964930e+07 [-0.35, -153.82] [-0.15, -152.82] [0.05, -151.82]
3.078158e+07 [-0.35, -159.65] [-0.15, -158.65] [0.05, -157.65]
3.195709e+07 [-0.36, -165.57] [-0.16, -164.57] [0.04, -163.57]
3.317750e+07 [-0.38, -171.75] [-0.18, -170.75] [0.02, -169.75]
3.444451e+07 [-0.32, -178.22] [-0.12, -177.22] [0.08, -176.22]
3.575990e+07 [-0.42, 175.08] [-0.22, 176.08] [-0.02, 177.08]
3.712553e+07 [-0.41, 168.34] [-0.21, 169.34] [-0.01, 170.34]
3.854331e+07 [-0.43, 160.54] [-0.23, 161.54] [-0.03, 162.54]
4.001524e+07 [-0.38, 153.18] [-0.18, 154.18] [0.02, 155.18]
4.154338e+07 [-0.40, 145.31] [-0.20, 146.31] [0.00, 147.31]
4.312987e+07 [-0.43, 137.22] [-0.23, 138.22] [-0.03, 139.22]
4.477695e+07 [-0.41, 129.00] [-0.21, 130.00] [-0.01, 131.00]
4.648693e+07 [-0.39, 120.18] [-0.19, 121.18] [0.01, 122.18]
4.826221e+07 [-0.40, 110.76] [-0.20, 111.76] [0.00, 112.76]
5.010529e+07 [-0.46, 101.29] [-0.26, 102.29] [-0.06, 103.29]
5.201875e+07 [-0.40, 91.71] [-0.20, 92.71] [-0.00, 93.71]
5.400529e+07 [-0.42, 81.36] [-0.22, 82.36] [-0.02, 83.36]
5.606769e+07 [-0.39, 70.77] [-0.19, 71.77] [0.01, 72.77]
5.820885e+07 [-0.42, 59.91] [-0.22, 60.91] [-0.02, 61.91]
6.043178e+07 [-0.43, 48.49] [-0.23, 49.49] [-0.03, 50.49]
6.273960e+07 [-0.46, 36.62] [-0.26, 37.62] [-0.06, 38.62]
6.513556e+07 [-0.45, 24.27] [-0.25, 25.27] [-0.05, 26.27]
6.762301e+07 [-0.48, 11.51] [-0.28, 12.51] [-0.08, 13.51]
7.020545e+07 [-0.45, -1.57] [-0.25, -0.57] [-0.05, 0.43]
7.288652e+07 [-0.46, -15.35] [-0.26, -14.35] [-0.06, -13.35]
7.566997e+07 [-0.46, -29.54] [-0.26, -28.54] [-0.06, -27.54]
7.855972e+07 [-0.48, -44.24] [-0.28, -43.24] [-0.08, -42.24]
8.155983e+07 [-0.49, -59.90] [-0.29, -58.90] [-0.09, -57.90]
8.467450e+07 [-0.48, -75.66] [-0.28, -74.66] [-0.08, -73.66]
8.790813e+07 [-0.49, -92.36] [-0.29, -91.36] [-0.09, -90.36]
9.126524e+07 [-0.50, -109.41] [-0.30, -108.41] [-0.10, -107.41]
9.475055e+07 [-0.51, -127.37] [-0.31, -126.37] [-0.11, -125.37]
9.836897e+07 [-0.53, -145.85] [-0.33, -144.85] [-0.13, -143.85]
1.021256e+08 [-0.52, -165.08] [-0.32, -164.08] [-0.12, -163.08]
1.060256e+08 [-0.53, 174.98] [-0.33, 175.98] [-0.13, 176.98]
1.100746e+08 [-0.55, 154.20] [-0.35, 155.20] [-0.15, 156.20]
1.142782e+08 [-0.54, 132.73] [-0.34, 133.73] [-0.14, 134.73]
1.186424e+08 [-0.55, 110.26] [-0.35, 111.26] [-0.15, 112.26]
1.231732e+08 [-0.55, 87.12] [-0.35, 88.12] [-0.15, 89.12]
1.278771e+08 [-0.55, 63.13] [-0.35, 64.13] [-0.15, 65.13]
1.327605e+08 [-0.57, 38.02] [-0.37, 39.02] [-0.17, 40.02]
1.378305e+08 [-0.59, 12.05] [-0.39, 13.05] [-0.19, 14.05]
1.430941e+08 [-0.59, -14.88] [-0.39, -13.88] [-0.19, -12.88]
1.485587e+08 [-0.60, -42.81] [-0.40, -41.81] [-0.20, -40.81]
1.542320e+08 [-0.59, -71.85] [-0.39, -70.85] [-0.19, -69.85]
1.601219e+08 [-0.60, -102.08] [-0.40, -101.08] [-0.20, -100.08]
1.662368e+08 [-0.61, -133.39] [-0.41, -132.39] [-0.21, -131.39]
1.725852e+08 [-0.63, -165.89] [-0.43, -164.89] [-0.23, -163.89]
1.791760e+08 [-0.64, 160.40] [-0.44, 161.40] [-0.24, 162.40]
1.860186e+08 [-0.64, 125.34] [-0.44, 126.34] [-0.24, 127.34]
1.931224e+08 [-0.65, 89.08] [-0.45, 90.08] [-0.25, 91.08]
2.004975e+08 [-0.66, 51.27] [-0.46, 52.27] [-0.26, 53.27]
2.081543e+08 [-0.66, 12.10] [-0.46, 13.10] [-0.26, 14.10]
2.161035e+08 [-0.68, -28.63] [-0.48, -27.63] [-0.28, -26.63]
2.243562e+08 [-0.70, -70.79] [-0.50, -69.79] [-0.30, -68.79]
2.329241e+08 [-0.70, -114.71] [-0.50, -113.71] [-0.30, -112.71]
2.418192e+08 [-0.71, -160.20] [-0.51, -159.20] [-0.31, -158.20]
2.510540e+08 [-0.72, 152.55] [-0.52, 153.55] [-0.32, 154.55]
2.606415e+08 [-0.73, 103.50] [-0.53, 104.50] [-0.33, 105.50]
2.705951e+08 [-0.74, 52.58] [-0.54, 53.58] [-0.34, 54.58]
2.809288e+08 [-0.75, -0.35] [-0.55, 0.65] [-0.35, 1.65]
2.916571e+08 [-0.76, -55.22] [-0.56, -54.22] [-0.36, -53.22]
3.027952e+08 [-0.77, -112.19] [-0.57, -111.19] [-0.37, -110.19]
3.143586e+08 [-0.79, -171.35] [-0.59, -170.35] [-0.39, -169.35]
3.263636e+08 [-0.80, 127.23] [-0.60, 128.23] [-0.40, 129.23]
3.388271e+08 [-0.81, 63.45] [-0.61, 64.45] [-0.41, 65.45]
3.517665e+08 [-0.83, -2.76] [-0.63, -1.76] [-0.43, -0.76]
3.652000e+08 [-0.83, -71.50] [-0.63, -70.50] [-0.43, -69.50]
3.791466e+08 [-0.86, -142.83] [-0.66, -141.83] [-0.46, -140.83]
3.936258e+08 [-0.86, 143.13] [-0.66, 144.13] [-0.46, 145.13]
4.086579e+08 [-0.87, 66.25] [-0.67, 67.25] [-0.47, 68.25]
4.242641e+08 [-0.89, -13.64] [-0.69, -12.64] [-0.49, -11.64]
4.404662e+08 [-0.90, -96.47] [-0.70, -95.47] [-0.50, -94.47]
4.572871e+08 [-0.92, 177.49] [-0.72, 178.49] [-0.52, 179.49]
4.747504e+08 [-0.93, 88.16] [-0.73, 89.16] [-0.53, 90.16]
4.928806e+08 [-0.95, -4.57] [-0.75, -3.57] [-0.55, -2.57]
5.117031e+08 [-0.96, -100.87] [-0.76, -99.87] [-0.56, -98.87]
5.312445e+08 [-0.98, 159.20] [-0.78, 160.20] [-0.58, 161.20]
5.515321e+08 [-1.00, 55.41] [-0.80, 56.41] [-0.60, 57.41]
5.725945e+08 [-1.01, -52.31] [-0.81, -51.31] [-0.61, -50.31]
5.944612e+08 [-1.03, -164.14] [-0.83, -163.14] [-0.63, -162.14]
6.171630e+08 [-1.04, 79.75] [-0.84, 80.75] [-0.64, 81.75]
6.407317e+08 [-1.06, -40.79] [-0.86, -39.79] [-0.66, -38.79]
6.652006e+08 [-1.08, -165.93] [-0.88, -164.93] [-0.68, -163.93]
6.906038e+08 [-1.09, 64.15] [-0.89, 65.15] [-0.69, 66.15]
7.169772e+08 [-1.11, -70.71] [-0.91, -69.71] [-0.71, -68.71]
7.443577e+08 [-1.13, 149.26] [-0.93, 150.26] [-0.73, 151.26]
7.727839e+08 [-1.15, 3.92] [-0.95, 4.92] [-0.75, 5.92]
8.022956e+08 [-1.16, -147.01] [-0.96, -146.01] [-0.76, -145.01]
8.329344e+08 [-1.19, 56.31] [-0.99, 57.31] [-0.79, 58.31]
8.647432e+08 [-1.21, -106.36] [-1.01, -105.36] [-0.81, -104.36]
8.977667e+08 [-1.23, 84.78] [-1.03, 85.78] [-0.83, 86.78]
9.320514e+08 [-1.25, -90.53] [-1.05, -89.53] [-0.85, -88.53]
9.676454e+08 [-1.27, 87.46] [-1.07, 88.46] [-0.87, 89.46]
1.004599e+09 [-1.29, -101.51] [-1.09, -100.51] [-0.89, -99.51]
1.042963e+09 [-1.31, 62.34] [-1.11, 63.34] [-0.91, 64.34]
1.082793e+09 [-1.33, -141.33] [-1.13, -140.33] [-0.93, -139.33]
1.124143e+09 [-1.36, 7.26] [-1.16, 8.26] [-0.96, 9.26]
1.167073e+09 [-1.38, 147.75] [-1.18, 148.75] [-0.98, 149.75]
1.211642e+09 [-1.40, -80.15] [-1.20, -79.15] [-1.00, -78.15]
1.257913e+09 [-1.43, 43.28] [-1.23, 44.28] [-1.03, 45.28]
1.305952e+09 [-1.45, 157.66] [-1.25, 158.66] [-1.05, 159.66]
1.355825e+09 [-1.48, -97.36] [-1.28, -96.36] [-1.08, -95.36]
1.407602e+09 [-1.50, -2.03] [-1.30, -1.03] [-1.10, -0.03]
1.461357e+09 [-1.53, 83.09] [-1.33, 84.09] [-1.13, 85.09]
1.517164e+09 [-1.56, 157.79] [-1.36, 158.79] [-1.16, 159.79]
1.575103e+09 [-1.58, -138.48] [-1.38, -137.48] [-1.18, -136.48]
1.635254e+09 [-1.62, -86.00] [-1.42, -85.00] [-1.22, -84.00]
1.697703e+09 [-1.64, -45.25] [-1.44, -44.25] [-1.24, -43.25]
1.762536e+09 [-1.69, -16.67] [-1.49, -15.67] [-1.29, -14.67]
1.829845e+09 [-1.71, -0.84] [-1.51, 0.16] [-1.31, 1.16]
1.899725e+09 [-1.75, 1.93] [-1.55, 2.93] [-1.35, 3.93]
1.972273e+09 [-1.78, -9.02] [-1.58, -8.02] [-1.38, -7.02]
2.047592e+09 [-1.81, -33.98] [-1.61, -32.98] [-1.41, -31.98]
2.125787e+09 [-1.83, -73.76] [-1.63, -72.76] [-1.43, -71.76]
2.206969e+09 [-1.87, -128.80] [-1.67, -127.80] [-1.47, -126.80]
2.291250e+09 [-1.93, 160.37] [-1.73, 161.37] [-1.53, 162.37]
2.378751e+09 [-1.96, 73.01] [-1.76, 74.01] [-1.56, 75.01]
2.469592e+09 [-1.98, -31.31] [-1.78, -30.31] [-1.58, -29.31]
2.563903e+09 [-2.01, -153.46] [-1.81, -152.46] [-1.61, -151.46]
2.661816e+09 [-2.06, 66.03] [-1.86, 67.03] [-1.66, 68.03]
2.763468e+09 [-2.12, -93.81] [-1.92, -92.81] [-1.72, -91.81]
2.869001e+09 [-2.20, 86.71] [-2.00, 87.71] [-1.80, 88.71]
2.978565e+09 [-2.20, -113.09] [-2.00, -112.09] [-1.80, -111.09]
3.092313e+09 [-2.20, 25.29] [-2.00, 26.29] [-1.80, 27.29]
3.210405e+09 [-2.24, 141.44] [-2.04, 142.44] [-1.84, 143.44]
3.333007e+09 [-2.30, -125.18] [-2.10, -124.18] [-1.90, -123.18]
3.460290e+09 [-2.33, -56.05] [-2.13, -55.05] [-1.93, -54.05]
3.592435e+09 [-2.39, -11.43] [-2.19, -10.43] [-1.99, -9.43]
3.729626e+09 [-2.40, 7.14] [-2.20, 8.14] [-2.00, 9.14]
3.872056e+09 [-2.51, -1.29] [-2.31, -0.29] [-2.11, 0.71]
4.019925e+09 [-2.57, -37.28] [-2.37, -36.28] [-2.17, -35.28]
4.173442e+09 [-2.71, -102.65] [-2.51, -101.65] [-2.31, -100.65]
4.332821e+09 [-2.87, 163.27] [-2.67, 164.27] [-2.47, 165.27]
4.498286e+09 [-3.03, 35.64] [-2.83, 36.64] [-2.63, 37.64]
4.670071e+09 [-3.39, -116.24] [-3.19, -115.24] [-2.99, -114.24]
4.848415e+09 [-2.87, 50.68] [-2.67, 51.68] [-2.47, 52.68]
5.033571e+09 [-2.86, -176.79] [-2.66, -175.79] [-2.46, -174.79]
5.225797e+09 [-2.97, -79.75] [-2.77, -78.75] [-2.57, -77.75]
5.425364e+09 [-3.08, -20.63] [-2.88, -19.63] [-2.68, -18.63]
5.632553e+09 [-3.16, -0.03] [-2.96, 0.97] [-2.76, 1.97]
5.847653e+09 [-3.28, -19.49] [-3.08, -18.49] [-2.88, -17.49]
6.070969e+09 [-3.53, -80.99] [-3.33, -79.99] [-3.13, -78.99]
6.302812e+09 [-3.65, 174.42] [-3.45, 175.42] [-3.25, 176.42]
6.543509e+09 [-3.61, 24.44] [-3.41, 25.44] [-3.21, 26.44]
6.793398e+09 [-3.84, -173.52] [-3.64, -172.52] [-3.44, -171.52]
7.052830e+09 [-3.97, -59.77] [-3.77, -58.77] [-3.57, -57.77]
7.322170e+09 [-4.18, 6.20] [-3.98, 7.20] [-3.78, 8.20]
7.601795e+09 [-4.11, 17.24] [-3.91, 18.24] [-3.71, 19.24]
7.892099e+09 [-3.95, -26.95] [-3.75, -25.95] [-3.55, -24.95]
8.193489e+09 [-3.94, -128.14] [-3.74, -127.14] [-3.54, -126.14]
8.506389e+09 [-3.85, 71.77] [-3.65, 72.77] [-3.45, 73.77]
8.831239e+09 [-4.06, -148.36] [-3.86, -147.36] [-3.66, -146.36]
9.168493e+09 [-3.93, -74.68] [-3.73, -73.68] [-3.53, -72.68]
9.518628e+09 [-4.18, -65.01] [-3.98, -64.01] [-3.78, -63.01]
9.882133e+09 [-4.62, -124.51] [-4.42, -123.51] [-4.22, -122.51]
1.025952e+10 [-4.57, 106.24] [-4.37, 107.24] [-4.17, 108.24]
1.065132e+10 [-4.61, -97.26] [-4.41, -96.26] [-4.21, -95.26]
1.105808e+10 [-5.05, -17.26] [-4.85, -16.26] [-4.65, -15.26]
1.148038e+10 [-5.04, -14.83] [-4.84, -13.83] [-4.64, -12.83]
1.191880e+10 [-4.91, -97.60] [-4.71, -96.60] [-4.51, -95.60]
1.237396e+10 [-4.92, 90.93] [-4.72, 91.93] [-4.52, 92.93]
1.284651e+10 [-5.70, -165.57] [-5.50, -164.57] [-5.30, -163.57]
1.333711e+10 [-5.83, -152.09] [-5.63, -151.09] [-5.43, -150.09]
1.384643e+10 [-5.13, 119.41] [-4.93, 120.41] [-4.73, 121.41]
1.437521e+10 [-5.53, -65.37] [-5.33, -64.37] [-5.13, -63.37]
1.492419e+10 [-5.33, 2.83] [-5.13, 3.83] [-4.93, 4.83]
1.549412e+10 [-5.70, -35.76] [-5.50, -34.76] [-5.30, -33.76]
1.608583e+10 [-6.01, 178.40] [-5.81, 179.40] [-5.61, 180.40]
1.670013e+10 [-6.08, -94.89] [-5.88, -93.89] [-5.68, -92.89]
1.733789e+10 [-7.58, -119.47] [-7.38, -118.47] [-7.18, -117.47]
1.800000e+10 [-8.56, 90.80] [-8.36, 91.80] [-8.16, 92.80]
