FUNIT: Hz
UNIT: dB
1.000000e+07 [-0.39, -68.42] [-0.19, -67.42] [0.01, -66.42]
1.038189e+07 [-0.38, -70.77] [-0.18, -69.77] [0.02, -68.77]
1.077836e+07 [-0.36, -72.31] [-0.16, -71.31] [0.04, -70.31]
1.118997e+07 [-0.62, -76.73] [-0.42, -75.73] [-0.22, -74.73]
1.161731e+07 [-0.43, -77.93] [-0.23, -76.93] [-0.03, -75.93]
1.206096e+07 [-0.33, -81.65] [-0.13, -80.65] [0.07, -79.65]
1.252155e+07 [-0.34, -85.02] [-0.14, -84.02] [0.06, -83.02]
1.299974e+07 [-0.40, -87.62] [-0.20, -86.62] [-0.00, -85.62]
1.349618e+07 [-0.32, -91.24] [-0.12, -90.24] [0.08, -89.24]
1.401158e+07 [-0.28, -94.77] [-0.08, -93.77] [0.12, -92.77]
1.454667e+07 [-0.47, -98.48] [-0.27, -97.48] [-0.07, -96.48]
1.510219e+07 [-0.53, -101.12] [-0.33, -100.12] [-0.13, -99.12]
1.567893e+07 [-0.39, -105.94] [-0.19, -104.94] [0.01, -103.94]
1.627769e+07 [-0.43, -109.40] [-0.23, -108.40] [-0.03, -107.40]
1.689931e+07 [-0.33, -113.75] [-0.13, -112.75] [0.07, -111.75]
1.754468e+07 [-0.37, -118.00] [-0.17, -117.00] [0.03, -116.00]
1.821469e+07 [-0.44, -122.03] [-0.24, -121.03] [-0.04, -120.03]
1.891029e+07 [-0.41, -127.03] [-0.21, -126.03] [-0.01, -125.03]
1.963245e+07 [-0.44, -132.50] [-0.24, -131.50] [-0.04, -130.50]
2.038219e+07 [-0.43, -137.01] [-0.23, -136.01] [-0.03, -135.01]
2.116056e+07 [-0.42, -141.67] [-0.22, -140.67] [-0.02, -139.67]
2.196866e+07 [-0.46, -147.64] [-0.26, -146.64] [-0.06, -145.64]
2.280762e+07 [-0.43, -152.72] [-0.23, -151.72] [-0.03, -150.72]
2.367862e+07 [-0.43, -159.04] [-0.23, -158.04] [-0.03, -157.04]
2.458288e+07 [-0.41, -164.83] [-0.21, -163.83] [-0.01, -162.83]
2.552167e+07 [-0.43, -170.98] [-0.23, -169.98] [-0.03, -168.98]
2.649631e+07 [-0.44, -177.63] [-0.24, -176.63] [-0.04, -175.63]
2.750818e+07 [-0.43, 175.89] [-0.23, 176.89] [-0.03, 177.89]
2.855868e+07 [-0.43, 168.77] [-0.23, 169.77] [-0.03, 170.77]
2.964930e+07 [-0.41, 161.24] [-0.21, 162.24] [-0.01, 163.24]
3.078158e+07 [-0.47, 154.12] [-0.27, 155.12] [-0.07, 156.12]
3.195709e+07 [-0.45, 146.18] [-0.25, 147.18] [-0.05, 148.18]
3.317750e+07 [-0.46, 137.99] [-0.26, 138.99] [-0.06, 139.99]
3.444451e+07 [-0.48, 129.48] [-0.28, 130.48] [-0.08, 131.48]
3.575990e+07 [-0.48, 121.10] [-0.28, 122.10] [-0.08, 123.10]
3.712553e+07 [-0.49, 111.80] [-0.29, 112.80] [-0.09, 113.80]
3.854331e+07 [-0.51, 102.55] [-0.31, 103.55] [-0.11, 104.55]
4.001524e+07 [-0.53, 92.59] [-0.33, 93.59] [-0.13, 94.59]
4.154338e+07 [-0.51, 82.74] [-0.31, 83.74] [-0.11, 84.74]
4.312987e+07 [-0.50, 72.04] [-0.30, 73.04] [-0.10, 74.04]
4.477695e+07 [-0.49, 61.26] [-0.29, 62.26] [-0.09, 63.26]
4.648693e+07 [-0.51, 49.63] [-0.31, 50.63] [-0.11, 51.63]
4.826221e+07 [-0.50, 37.81] [-0.30, 38.81] [-0.10, 39.81]
5.010529e+07 [-0.53, 25.63] [-0.33, 26.63] [-0.13, 27.63]
5.201875e+07 [-0.56, 12.87] [-0.36, 13.87] [-0.16, 14.87]
5.400529e+07 [-0.53, -0.13] [-0.33, 0.87] [-0.13, 1.87]
5.606769e+07 [-0.54, -13.81] [-0.34, -12.81] [-0.14, -11.81]
5.820885e+07 [-0.57, -27.99] [-0.37, -26.99] [-0.17, -25.99]
6.043178e+07 [-0.51, -42.94] [-0.31, -41.94] [-0.11, -40.94]
6.273960e+07 [-0.58, -58.25] [-0.38, -57.25] [-0.18, -56.25]
6.513556e+07 [-0.59, -74.07] [-0.39, -73.07] [-0.19, -72.07]
6.762301e+07 [-0.59, -90.53] [-0.39, -89.53] [-0.19, -88.53]
7.020545e+07 [-0.61, -107.53] [-0.41, -106.53] [-0.21, -105.53]
7.288652e+07 [-0.59, -125.46] [-0.39, -124.46] [-0.19, -123.46]
7.566997e+07 [-0.59, -143.78] [-0.39, -142.78] [-0.19, -141.78]
7.855972e+07 [-0.65, -163.00] [-0.45, -162.00] [-0.25, -161.00]
8.155983e+07 [-0.62, 177.10] [-0.42, 178.10] [-0.22, 179.10]
8.467450e+07 [-0.64, 156.37] [-0.44, 157.37] [-0.24, 158.37]
8.790813e+07 [-0.63, 135.00] [-0.43, 136.00] [-0.23, 137.00]
9.126524e+07 [-0.64, 112.77] [-0.44, 113.77] [-0.24, 114.77]
9.475055e+07 [-0.64, 89.66] [-0.44, 90.66] [-0.24, 91.66]
9.836897e+07 [-0.65, 65.69] [-0.45, 66.69] [-0.25, 67.69]
1.021256e+08 [-0.67, 40.94] [-0.47, 41.94] [-0.27, 42.94]
1.060256e+08 [-0.67, 14.89] [-0.47, 15.89] [-0.27, 16.89]
1.100746e+08 [-0.69, -11.96] [-0.49, -10.96] [-0.29, -9.96]
1.142782e+08 [-0.69, -39.81] [-0.49, -38.81] [-0.29, -37.81]
1.186424e+08 [-0.71, -68.57] [-0.51, -67.57] [-0.31, -66.57]
1.231732e+08 [-0.72, -98.67] [-0.52, -97.67] [-0.32, -96.67]
1.278771e+08 [-0.72, -129.84] [-0.52, -128.84] [-0.32, -127.84]
1.327605e+08 [-0.73, -162.26] [-0.53, -161.26] [-0.33, -160.26]
1.378305e+08 [-0.75, 164.24] [-0.55, 165.24] [-0.35, 166.24]
1.430941e+08 [-0.75, 129.34] [-0.55, 130.34] [-0.35, 131.34]
1.485587e+08 [-0.76, 93.19] [-0.56, 94.19] [-0.36, 95.19]
1.542320e+08 [-0.77, 55.61] [-0.57, 56.61] [-0.37, 57.61]
1.601219e+08 [-0.79, 16.55] [-0.59, 17.55] [-0.39, 18.55]
1.662368e+08 [-0.79, -23.93] [-0.59, -22.93] [-0.39, -21.93]
1.725852e+08 [-0.81, -66.01] [-0.61, -65.01] [-0.41, -64.01]
1.791760e+08 [-0.82, -109.59] [-0.62, -108.59] [-0.42, -107.59]
1.860186e+08 [-0.83, -154.94] [-0.63, -153.94] [-0.43, -152.94]
1.931224e+08 [-0.85, 157.98] [-0.65, 158.98] [-0.45, 159.98]
2.004975e+08 [-0.87, 109.18] [-0.67, 110.18] [-0.47, 111.18]
2.081543e+08 [-0.87, 58.44] [-0.67, 59.44] [-0.47, 60.44]
2.161035e+08 [-0.89, 5.87] [-0.69, 6.87] [-0.49, 7.87]
2.243562e+08 [-0.89, -48.82] [-0.69, -47.82] [-0.49, -46.82]
2.329241e+08 [-0.91, -105.56] [-0.71, -104.56] [-0.51, -103.56]
2.418192e+08 [-0.93, -164.49] [-0.73, -163.49] [-0.53, -162.49]
2.510540e+08 [-0.94, 134.40] [-0.74, 135.40] [-0.54, 136.40]
2.606415e+08 [-0.96, 70.95] [-0.76, 71.95] [-0.56, 72.95]
2.705951e+08 [-0.97, 5.00] [-0.77, 6.00] [-0.57, 7.00]
2.809288e+08 [-0.98, -63.39] [-0.78, -62.39] [-0.58, -61.39]
2.916571e+08 [-1.00, -134.39] [-0.80, -133.39] [-0.60, -132.39]
3.027952e+08 [-1.02, 151.88] [-0.82, 152.88] [-0.62, 153.88]
3.143586e+08 [-1.04, 75.36] [-0.84, 76.36] [-0.64, 77.36]
3.263636e+08 [-1.05, -4.14] [-0.85, -3.14] [-0.65, -2.14]
3.388271e+08 [-1.07, -86.62] [-0.87, -85.62] [-0.67, -84.62]
3.517665e+08 [-1.08, -172.27] [-0.88, -171.27] [-0.68, -170.27]
3.652000e+08 [-1.10, 98.81] [-0.90, 99.81] [-0.70, 100.81]
3.791466e+08 [-1.12, 6.51] [-0.92, 7.51] [-0.72, 8.51]
3.936258e+08 [-1.13, -89.35] [-0.93, -88.35] [-0.73, -87.35]
4.086579e+08 [-1.16, 171.19] [-0.96, 172.19] [-0.76, 173.19]
4.242641e+08 [-1.18, 67.87] [-0.98, 68.87] [-0.78, 69.87]
4.404662e+08 [-1.19, -39.32] [-0.99, -38.32] [-0.79, -37.32]
4.572871e+08 [-1.21, -150.62] [-1.01, -149.62] [-0.81, -148.62]
4.747504e+08 [-1.23, 93.82] [-1.03, 94.82] [-0.83, 95.82]
4.928806e+08 [-1.25, -26.18] [-1.05, -25.18] [-0.85, -24.18]
5.117031e+08 [-1.27, -150.74] [-1.07, -149.74] [-0.87, -148.74]
5.312445e+08 [-1.29, 79.92] [-1.09, 80.92] [-0.89, 81.92]
5.515321e+08 [-1.31, -54.27] [-1.11, -53.27] [-0.91, -52.27]
5.725945e+08 [-1.33, 166.38] [-1.13, 167.38] [-0.93, 168.38]
5.944612e+08 [-1.35, 21.67] [-1.15, 22.67] [-0.95, 23.67]
6.171630e+08 [-1.37, -128.59] [-1.17, -127.59] [-0.97, -126.59]
6.407317e+08 [-1.40, 75.47] [-1.20, 76.47] [-1.00, 77.47]
6.652006e+08 [-1.42, -86.43] [-1.22, -85.43] [-1.02, -84.43]
6.906038e+08 [-1.45, 105.50] [-1.25, 106.50] [-1.05, 107.50]
7.169772e+08 [-1.47, -68.98] [-1.27, -67.98] [-1.07, -66.98]
7.443577e+08 [-1.49, 109.83] [-1.29, 110.83] [-1.09, 111.83]
7.727839e+08 [-1.52, -78.25] [-1.32, -77.25] [-1.12, -76.25]
8.022956e+08 [-1.54, 86.57] [-1.34, 87.57] [-1.14, 88.57]
8.329344e+08 [-1.56, -116.13] [-1.36, -115.13] [-1.16, -114.13]
8.647432e+08 [-1.59, 33.37] [-1.39, 34.37] [-1.19, 35.37]
8.977667e+08 [-1.62, 174.90] [-1.42, 175.90] [-1.22, 176.90]
9.320514e+08 [-1.65, -51.94] [-1.45, -50.94] [-1.25, -49.94]
9.676454e+08 [-1.67, 72.57] [-1.47, 73.57] [-1.27, 74.57]
1.004599e+09 [-1.71, -171.83] [-1.51, -170.83] [-1.31, -169.83]
1.042963e+09 [-1.74, -65.63] [-1.54, -64.63] [-1.34, -63.63]
1.082793e+09 [-1.76, 30.80] [-1.56, 31.80] [-1.36, 32.80]
1.124143e+09 [-1.79, 117.31] [-1.59, 118.31] [-1.39, 119.31]
1.167073e+09 [-1.82, -166.67] [-1.62, -165.67] [-1.42, -164.67]
1.211642e+09 [-1.86, -101.54] [-1.66, -100.54] [-1.46, -99.54]
1.257913e+09 [-1.89, -47.62] [-1.69, -46.62] [-1.49, -45.62]
1.305952e+09 [-1.92, -5.44] [-1.72, -4.44] [-1.52, -3.44]
1.355825e+09 [-1.96, 24.60] [-1.76, 25.60] [-1.56, 26.60]
1.407602e+09 [-1.98, 42.26] [-1.78, 43.26] [-1.58, 44.26]
1.461357e+09 [-2.02, 46.58] [-1.82, 47.58] [-1.62, 48.58]
1.517164e+09 [-2.05, 37.45] [-1.85, 38.45] [-1.65, 39.45]
1.575103e+09 [-2.09, 14.10] [-1.89, 15.10] [-1.69, 16.10]
1.635254e+09 [-2.13, -23.72] [-1.93, -22.72] [-1.73, -21.72]
1.697703e+09 [-2.18, -76.76] [-1.98, -75.76] [-1.78, -74.76]
1.762536e+09 [-2.21, -145.63] [-2.01, -144.63] [-1.81, -143.63]
1.829845e+09 [-2.26, 129.36] [-2.06, 130.36] [-1.86, 131.36]
1.899725e+09 [-2.30, 27.11] [-2.10, 28.11] [-1.90, 29.11]
1.972273e+09 [-2.34, -92.74] [-2.14, -91.74] [-1.94, -90.74]
2.047592e+09 [-2.38, 128.91] [-2.18, 129.91] [-1.98, 130.91]
2.125787e+09 [-2.44, -28.16] [-2.24, -27.16] [-2.04, -26.16]
2.206969e+09 [-2.46, 154.81] [-2.26, 155.81] [-2.06, 156.81]
2.291250e+09 [-2.54, -42.41] [-2.34, -41.41] [-2.14, -40.41]
2.378751e+09 [-2.56, 98.65] [-2.36, 99.65] [-2.16, 100.65]
2.469592e+09 [-2.60, -142.00] [-2.40, -141.00] [-2.20, -140.00]
2.563903e+09 [-2.66, -45.74] [-2.46, -44.74] [-2.26, -43.74]
2.661816e+09 [-2.72, 26.68] [-2.52, 27.68] [-2.32, 28.68]
2.763468e+09 [-2.76, 74.46] [-2.56, 75.46] [-2.36, 76.46]
2.869001e+09 [-2.82, 96.27] [-2.62, 97.27] [-2.42, 98.27]
2.978565e+09 [-2.87, 91.70] [-2.67, 92.70] [-2.47, 93.70]
3.092313e+09 [-2.94, 59.46] [-2.74, 60.46] [-2.54, 61.46]
3.210405e+09 [-3.01, -1.38] [-2.81, -0.38] [-2.61, 0.62]
3.333007e+09 [-3.04, -92.41] [-2.84, -91.41] [-2.64, -90.41]
3.460290e+09 [-3.11, 145.77] [-2.91, 146.77] [-2.71, 147.77]
3.592435e+09 [-3.18, -7.74] [-2.98, -6.74] [-2.78, -5.74]
3.729626e+09 [-3.21, 164.84] [-3.01, 165.84] [-2.81, 166.84]
3.872056e+09 [-3.27, -57.44] [-3.07, -56.44] [-2.87, -55.44]
4.019925e+09 [-3.51, 44.37] [-3.31, 45.37] [-3.11, 46.37]
4.173442e+09 [-3.60, 109.39] [-3.40, 110.39] [-3.20, 111.39]
4.332821e+09 [-3.53, 135.04] [-3.33, 136.04] [-3.13, 137.04]
4.498286e+09 [-3.94, 120.45] [-3.74, 121.45] [-3.54, 122.45]
4.670071e+09 [-3.86, 65.40] [-3.66, 66.40] [-3.46, 67.40]
4.848415e+09 [-3.90, -34.82] [-3.70, -33.82] [-3.50, -32.82]
5.033571e+09 [-4.14, -178.21] [-3.94, -177.21] [-3.74, -176.21]
5.225797e+09 [-4.18, -8.53] [-3.98, -7.53] [-3.78, -6.53]
5.425364e+09 [-4.33, 113.08] [-4.13, 114.08] [-3.93, 115.08]
5.632553e+09 [-4.35, -176.34] [-4.15, -175.34] [-3.95, -174.34]
5.847653e+09 [-4.35, -159.19] [-4.15, -158.19] [-3.95, -157.19]
6.070969e+09 [-4.28, 165.75] [-4.08, 166.75] [-3.88, 167.75]
6.302812e+09 [-4.27, 71.67] [-4.07, 72.67] [-3.87, 73.67]
6.543509e+09 [-4.35, -79.65] [-4.15, -78.65] [-3.95, -77.65]
6.793398e+09 [-4.42, 66.94] [-4.22, 67.94] [-4.02, 68.94]
7.052830e+09 [-4.48, 151.27] [-4.28, 152.27] [-4.08, 153.27]
7.322170e+09 [-4.54, 170.04] [-4.34, 171.04] [-4.14, 172.04]
7.601795e+09 [-4.73, 120.78] [-4.53, 121.78] [-4.33, 122.78]
7.892099e+09 [-4.74, 1.49] [-4.54, 2.49] [-4.34, 3.49]
8.193489e+09 [-4.96, 167.83] [-4.76, 168.83] [-4.56, 169.83]
8.506389e+09 [-4.94, -101.58] [-4.74, -100.58] [-4.54, -99.58]
8.831239e+09 [-5.06, -89.62] [-4.86, -88.62] [-4.66, -87.62]
9.168493e+09 [-5.26, -159.52] [-5.06, -158.52] [-4.86, -157.52]
9.518628e+09 [-5.35, 45.55] [-5.15, 46.55] [-4.95, 47.55]
9.882133e+09 [-5.42, 161.16] [-5.22, 162.16] [-5.02, 163.16]
1.025952e+10 [-5.60, -174.25] [-5.40, -173.25] [-5.20, -172.25]
1.065132e+10 [-5.75, 114.93] [-5.55, 115.93] [-5.35, 116.93]
1.105808e+10 [-6.00, -54.27] [-5.80, -53.27] [-5.60, -52.27]
1.148038e+10 [-6.24, 33.04] [-6.04, 34.04] [-5.84, 35.04]
1.191880e+10 [-6.65, 14.46] [-6.45, 15.46] [-6.25, 16.46]
1.237396e+10 [-6.59, -119.34] [-6.39, -118.34] [-6.19, -117.34]
1.284651e+10 [-6.43, -0.50] [-6.23, 0.50] [-6.03, 1.50]
1.333711e+10 [-6.57, -4.19] [-6.37, -3.19] [-6.17, -2.19]
1.384643e+10 [-6.87, -131.92] [-6.67, -130.92] [-6.47, -129.92]
1.437521e+10 [-6.82, -29.97] [-6.62, -28.97] [-6.42, -27.97]
1.492419e+10 [-7.00, -59.86] [-6.80, -58.86] [-6.60, -57.86]
1.549412e+10 [-7.09, 129.13] [-6.89, 130.13] [-6.69, 131.13]
1.608583e+10 [-7.39, 173.51] [-7.19, 174.51] [-6.99, 175.51]
1.670013e+10 [-7.80, 73.19] [-7.60, 74.19] [-7.40, 75.19]
1.733789e+10 [-7.73, 176.21] [-7.53, 177.21] [-7.33, 178.21]
1.800000e+10 [-7.61, 115.34] [-7.41, 116.34] [-7.21, 117.34]
