FUNIT: Hz
UNIT: dB
1.000000e+07 [-0.37, -60.57] [-0.17, -59.57] [0.03, -58.57]
1.038189e+07 [-0.37, -62.59] [-0.17, -61.59] [0.03, -60.59]
1.077836e+07 [-0.30, -63.55] [-0.10, -62.55] [0.10, -61.55]
1.118997e+07 [-0.58, -67.71] [-0.38, -66.71] [-0.18, -65.71]
1.161731e+07 [-0.42, -68.83] [-0.22, -67.83] [-0.02, -66.83]
1.206096e+07 [-0.35, -71.96] [-0.15, -70.96] [0.05, -69.96]
1.252155e+07 [-0.38, -75.37] [-0.18, -74.37] [0.02, -73.37]
1.299974e+07 [-0.39, -77.46] [-0.19, -76.46] [0.01, -75.46]
1.349618e+07 [-0.32, -80.52] [-0.12, -79.52] [0.08, -78.52]
1.401158e+07 [-0.27, -83.52] [-0.07, -82.52] [0.13, -81.52]
1.454667e+07 [-0.45, -87.08] [-0.25, -86.08] [-0.05, -85.08]
1.510219e+07 [-0.52, -89.40] [-0.32, -88.40] [-0.12, -87.40]
1.567893e+07 [-0.36, -93.70] [-0.16, -92.70] [0.04, -91.70]
1.627769e+07 [-0.42, -96.62] [-0.22, -95.62] [-0.02, -94.62]
1.689931e+07 [-0.31, -100.43] [-0.11, -99.43] [0.09, -98.43]
1.754468e+07 [-0.35, -104.19] [-0.15, -103.19] [0.05, -102.19]
1.821469e+07 [-0.41, -107.83] [-0.21, -106.83] [-0.01, -105.83]
1.891029e+07 [-0.41, -112.08] [-0.21, -111.08] [-0.01, -110.08]
1.963245e+07 [-0.43, -116.98] [-0.23, -115.98] [-0.03, -114.98]
2.038219e+07 [-0.41, -120.96] [-0.21, -119.96] [-0.01, -118.96]
2.116056e+07 [-0.42, -125.15] [-0.22, -124.15] [-0.02, -123.15]
2.196866e+07 [-0.43, -130.26] [-0.23, -129.26] [-0.03, -128.26]
2.280762e+07 [-0.37, -134.90] [-0.17, -133.90] [0.03, -132.90]
2.367862e+07 [-0.41, -140.50] [-0.21, -139.50] [-0.01, -138.50]
2.458288e+07 [-0.39, -145.59] [-0.19, -144.59] [0.01, -143.59]
2.552167e+07 [-0.39, -150.99] [-0.19, -149.99] [0.01, -148.99]
2.649631e+07 [-0.43, -156.94] [-0.23, -155.94] [-0.03, -154.94]
2.750818e+07 [-0.42, -162.54] [-0.22, -161.54] [-0.02, -160.54]
2.855868e+07 [-0.42, -168.89] [-0.22, -167.89] [-0.02, -166.89]
2.964930e+07 [-0.40, -175.63] [-0.20, -174.63] [0.00, -173.63]
3.078158e+07 [-0.44, 178.25] [-0.24, 179.25] [-0.04, 180.25]
3.195709e+07 [-0.42, 171.07] [-0.22, 172.07] [-0.02, 173.07]
3.317750e+07 [-0.44, 163.90] [-0.24, 164.90] [-0.04, 165.90]
3.444451e+07 [-0.47, 156.50] [-0.27, 157.50] [-0.07, 158.50]
3.575990e+07 [-0.45, 149.05] [-0.25, 150.05] [-0.05, 151.05]
3.712553e+07 [-0.46, 140.79] [-0.26, 141.79] [-0.06, 142.79]
3.854331e+07 [-0.49, 132.67] [-0.29, 133.67] [-0.09, 134.67]
4.001524e+07 [-0.51, 123.81] [-0.31, 124.81] [-0.11, 125.81]
4.154338e+07 [-0.48, 115.27] [-0.28, 116.27] [-0.08, 117.27]
4.312987e+07 [-0.47, 105.72] [-0.27, 106.72] [-0.07, 107.72]
4.477695e+07 [-0.47, 96.25] [-0.27, 97.25] [-0.07, 98.25]
4.648693e+07 [-0.49, 85.95] [-0.29, 86.95] [-0.09, 87.95]
4.826221e+07 [-0.47, 75.55] [-0.27, 76.55] [-0.07, 77.55]
5.010529e+07 [-0.49, 64.82] [-0.29, 65.82] [-0.09, 66.82]
5.201875e+07 [-0.52, 53.50] [-0.32, 54.50] [-0.12, 55.50]
5.400529e+07 [-0.51, 42.11] [-0.31, 43.11] [-0.11, 44.11]
5.606769e+07 [-0.51, 30.00] [-0.31, 31.00] [-0.11, 32.00]
5.820885e+07 [-0.55, 17.44] [-0.35, 18.44] [-0.15, 19.44]
6.043178e+07 [-0.48, 4.28] [-0.28, 5.28] [-0.08, 6.28]
6.273960e+07 [-0.54, -9.26] [-0.34, -8.26] [-0.14, -7.26]
6.513556e+07 [-0.57, -23.21] [-0.37, -22.21] [-0.17, -21.21]
6.762301e+07 [-0.56, -37.76] [-0.36, -36.76] [-0.16, -35.76]
7.020545e+07 [-0.57, -52.66] [-0.37, -51.66] [-0.17, -50.66]
7.288652e+07 [-0.56, -68.52] [-0.36, -67.52] [-0.16, -66.52]
7.566997e+07 [-0.55, -84.72] [-0.35, -83.72] [-0.15, -82.72]
7.855972e+07 [-0.61, -101.65] [-0.41, -100.65] [-0.21, -99.65]
8.155983e+07 [-0.59, -119.24] [-0.39, -118.24] [-0.19, -117.24]
8.467450e+07 [-0.60, -137.54] [-0.40, -136.54] [-0.20, -135.54]
8.790813e+07 [-0.59, -156.38] [-0.39, -155.38] [-0.19, -154.38]
9.126524e+07 [-0.61, -175.97] [-0.41, -174.97] [-0.21, -173.97]
9.475055e+07 [-0.60, 163.64] [-0.40, 164.64] [-0.20, 165.64]
9.836897e+07 [-0.61, 142.47] [-0.41, 143.47] [-0.21, 144.47]
1.021256e+08 [-0.63, 120.65] [-0.43, 121.65] [-0.23, 122.65]
1.060256e+08 [-0.63, 97.67] [-0.43, 98.67] [-0.23, 99.67]
1.100746e+08 [-0.64, 73.94] [-0.44, 74.94] [-0.24, 75.94]
1.142782e+08 [-0.65, 49.37] [-0.45, 50.37] [-0.25, 51.37]
1.186424e+08 [-0.67, 24.00] [-0.47, 25.00] [-0.27, 26.00]
1.231732e+08 [-0.68, -2.55] [-0.48, -1.55] [-0.28, -0.55]
1.278771e+08 [-0.67, -30.11] [-0.47, -29.11] [-0.27, -28.11]
1.327605e+08 [-0.68, -58.67] [-0.48, -57.67] [-0.28, -56.67]
1.378305e+08 [-0.70, -88.27] [-0.50, -87.27] [-0.30, -86.27]
1.430941e+08 [-0.70, -119.08] [-0.50, -118.08] [-0.30, -117.08]
1.485587e+08 [-0.72, -150.97] [-0.52, -149.97] [-0.32, -148.97]
1.542320e+08 [-0.72, 175.87] [-0.52, 176.87] [-0.32, 177.87]
1.601219e+08 [-0.73, 141.40] [-0.53, 142.40] [-0.33, 143.40]
1.662368e+08 [-0.74, 105.67] [-0.54, 106.67] [-0.34, 107.67]
1.725852e+08 [-0.75, 68.53] [-0.55, 69.53] [-0.35, 70.53]
1.791760e+08 [-0.76, 30.10] [-0.56, 31.10] [-0.36, 32.10]
1.860186e+08 [-0.78, -9.93] [-0.58, -8.93] [-0.38, -7.93]
1.931224e+08 [-0.79, -51.48] [-0.59, -50.48] [-0.39, -49.48]
2.004975e+08 [-0.81, -94.54] [-0.61, -93.54] [-0.41, -92.54]
2.081543e+08 [-0.81, -139.31] [-0.61, -138.31] [-0.41, -137.31]
2.161035e+08 [-0.83, 174.30] [-0.63, 175.30] [-0.43, 176.30]
2.243562e+08 [-0.83, 126.03] [-0.63, 127.03] [-0.43, 128.03]
2.329241e+08 [-0.85, 75.95] [-0.65, 76.95] [-0.45, 77.95]
2.418192e+08 [-0.86, 23.94] [-0.66, 24.94] [-0.46, 25.94]
2.510540e+08 [-0.87, -29.98] [-0.67, -28.98] [-0.47, -27.98]
2.606415e+08 [-0.89, -85.98] [-0.69, -84.98] [-0.49, -83.98]
2.705951e+08 [-0.91, -144.17] [-0.71, -143.17] [-0.51, -142.17]
2.809288e+08 [-0.92, 155.51] [-0.72, 156.51] [-0.52, 157.51]
2.916571e+08 [-0.93, 92.86] [-0.73, 93.86] [-0.53, 94.86]
3.027952e+08 [-0.94, 27.76] [-0.74, 28.76] [-0.54, 29.76]
3.143586e+08 [-0.96, -39.77] [-0.76, -38.77] [-0.56, -37.77]
3.263636e+08 [-0.98, -109.96] [-0.78, -108.96] [-0.58, -107.96]
3.388271e+08 [-1.00, 177.30] [-0.80, 178.30] [-0.60, 179.30]
3.517665e+08 [-1.01, 101.74] [-0.81, 102.74] [-0.61, 103.74]
3.652000e+08 [-1.02, 23.25] [-0.82, 24.25] [-0.62, 25.25]
3.791466e+08 [-1.04, -58.20] [-0.84, -57.20] [-0.64, -56.20]
3.936258e+08 [-1.07, -142.82] [-0.87, -141.82] [-0.67, -140.82]
4.086579e+08 [-1.09, 129.51] [-0.89, 130.51] [-0.69, 131.51]
4.242641e+08 [-1.09, 38.35] [-0.89, 39.35] [-0.69, 40.35]
4.404662e+08 [-1.11, -56.26] [-0.91, -55.26] [-0.71, -54.26]
4.572871e+08 [-1.12, -154.50] [-0.92, -153.50] [-0.72, -152.50]
4.747504e+08 [-1.14, 103.48] [-0.94, 104.48] [-0.74, 105.48]
4.928806e+08 [-1.17, -2.40] [-0.97, -1.40] [-0.77, -0.40]
5.117031e+08 [-1.18, -112.31] [-0.98, -111.31] [-0.78, -110.31]
5.312445e+08 [-1.21, 133.56] [-1.01, 134.56] [-0.81, 135.56]
5.515321e+08 [-1.24, 15.21] [-1.04, 16.21] [-0.84, 17.21]
5.725945e+08 [-1.24, -107.71] [-1.04, -106.71] [-0.84, -105.71]
5.944612e+08 [-1.26, 124.54] [-1.06, 125.54] [-0.86, 126.54]
6.171630e+08 [-1.29, -8.07] [-1.09, -7.07] [-0.89, -6.07]
6.407317e+08 [-1.31, -145.65] [-1.11, -144.65] [-0.91, -143.65]
6.652006e+08 [-1.33, 71.48] [-1.13, 72.48] [-0.93, 73.48]
6.906038e+08 [-1.35, -76.80] [-1.15, -75.80] [-0.95, -74.80]
7.169772e+08 [-1.37, 129.26] [-1.17, 130.26] [-0.97, 131.26]
7.443577e+08 [-1.39, -30.65] [-1.19, -29.65] [-0.99, -28.65]
7.727839e+08 [-1.43, 163.36] [-1.23, 164.36] [-1.03, 165.36]
8.022956e+08 [-1.43, -8.83] [-1.23, -7.83] [-1.03, -6.83]
8.329344e+08 [-1.47, 172.25] [-1.27, 173.25] [-1.07, 174.25]
8.647432e+08 [-1.49, -13.44] [-1.29, -12.44] [-1.09, -11.44]
8.977667e+08 [-1.52, 153.79] [-1.32, 154.79] [-1.12, 155.79]
9.320514e+08 [-1.55, -46.38] [-1.35, -45.38] [-1.15, -44.38]
9.676454e+08 [-1.56, 105.75] [-1.36, 106.75] [-1.16, 107.75]
1.004599e+09 [-1.62, -109.74] [-1.42, -108.74] [-1.22, -107.74]
1.042963e+09 [-1.63, 26.21] [-1.43, 27.21] [-1.23, 28.21]
1.082793e+09 [-1.65, 153.72] [-1.45, 154.72] [-1.25, 155.72]
1.124143e+09 [-1.68, -87.68] [-1.48, -86.68] [-1.28, -85.68]
1.167073e+09 [-1.71, 21.87] [-1.51, 22.87] [-1.31, 23.87]
1.211642e+09 [-1.77, 121.56] [-1.57, 122.56] [-1.37, 123.56]
1.257913e+09 [-1.76, -148.47] [-1.56, -147.47] [-1.36, -146.47]
1.305952e+09 [-1.81, -68.96] [-1.61, -67.96] [-1.41, -66.96]
1.355825e+09 [-1.87, -0.13] [-1.67, 0.87] [-1.47, 1.87]
1.407602e+09 [-1.84, 57.88] [-1.64, 58.88] [-1.44, 59.88]
1.461357e+09 [-1.92, 103.95] [-1.72, 104.95] [-1.52, 105.95]
1.517164e+09 [-1.95, 138.41] [-1.75, 139.41] [-1.55, 140.41]
1.575103e+09 [-1.96, 159.96] [-1.76, 160.96] [-1.56, 161.96]
1.635254e+09 [-2.01, 168.94] [-1.81, 169.94] [-1.61, 170.94]
1.697703e+09 [-2.06, 164.67] [-1.86, 165.67] [-1.66, 166.67]
1.762536e+09 [-2.07, 146.24] [-1.87, 147.24] [-1.67, 148.24]
1.829845e+09 [-2.15, 113.68] [-1.95, 114.68] [-1.75, 115.68]
1.899725e+09 [-2.15, 65.64] [-1.95, 66.64] [-1.75, 67.64]
1.972273e+09 [-2.24, 2.35] [-2.04, 3.35] [-1.84, 4.35]
2.047592e+09 [-2.24, -77.44] [-2.04, -76.44] [-1.84, -75.44]
2.125787e+09 [-2.33, -173.76] [-2.13, -172.76] [-1.93, -171.76]
2.206969e+09 [-2.31, 72.63] [-2.11, 73.63] [-1.91, 74.63]
2.291250e+09 [-2.43, -59.20] [-2.23, -58.20] [-2.03, -57.20]
2.378751e+09 [-2.41, 149.97] [-2.21, 150.97] [-2.01, 151.97]
2.469592e+09 [-2.48, -19.98] [-2.28, -18.98] [-2.08, -17.98]
2.563903e+09 [-2.53, 149.53] [-2.33, 150.53] [-2.13, 151.53]
2.661816e+09 [-2.58, -61.60] [-2.38, -60.60] [-2.18, -59.60]
2.763468e+09 [-2.66, 64.90] [-2.46, 65.90] [-2.26, 66.90]
2.869001e+09 [-2.67, 169.06] [-2.47, 170.06] [-2.27, 171.06]
2.978565e+09 [-2.73, -110.27] [-2.53, -109.27] [-2.33, -108.27]
3.092313e+09 [-2.84, -54.01] [-2.64, -53.01] [-2.44, -52.01]
3.210405e+09 [-2.88, -23.26] [-2.68, -22.26] [-2.48, -21.26]
3.333007e+09 [-2.88, -18.33] [-2.68, -17.33] [-2.48, -16.33]
3.460290e+09 [-2.97, -41.06] [-2.77, -40.06] [-2.57, -39.06]
3.592435e+09 [-3.17, -91.73] [-2.97, -90.73] [-2.77, -89.73]
3.729626e+09 [-3.10, -172.45] [-2.90, -171.45] [-2.70, -170.45]
3.872056e+09 [-3.12, 75.79] [-2.92, 76.79] [-2.72, 77.79]
4.019925e+09 [-3.38, -67.84] [-3.18, -66.84] [-2.98, -65.84]
4.173442e+09 [-3.51, 116.83] [-3.31, 117.83] [-3.11, 118.83]
4.332821e+09 [-3.35, -93.26] [-3.15, -92.26] [-2.95, -91.26]
4.498286e+09 [-3.83, 20.57] [-3.63, 21.57] [-3.43, 22.57]
4.670071e+09 [-3.75, 100.15] [-3.55, 101.15] [-3.35, 102.15]
4.848415e+09 [-3.79, 138.26] [-3.59, 139.26] [-3.39, 140.26]
5.033571e+09 [-3.89, 139.84] [-3.69, 140.84] [-3.49, 141.84]
5.225797e+09 [-3.95, 98.67] [-3.75, 99.67] [-3.55, 100.67]
5.425364e+09 [-4.17, 13.93] [-3.97, 14.93] [-3.77, 15.93]
5.632553e+09 [-4.24, -112.85] [-4.04, -111.85] [-3.84, -110.85]
5.847653e+09 [-4.17, 72.62] [-3.97, 73.62] [-3.77, 74.62]
6.070969e+09 [-4.23, -149.33] [-4.03, -148.33] [-3.83, -147.33]
6.302812e+09 [-4.12, -62.81] [-3.92, -61.81] [-3.72, -60.81]
6.543509e+09 [-4.27, -27.59] [-4.07, -26.59] [-3.87, -25.59]
6.793398e+09 [-4.11, -45.97] [-3.91, -44.97] [-3.71, -43.97]
7.052830e+09 [-4.23, -119.51] [-4.03, -118.51] [-3.83, -117.51]
7.322170e+09 [-4.31, 108.21] [-4.11, 109.21] [-3.91, 110.21]
7.601795e+09 [-4.44, -83.65] [-4.24, -82.65] [-4.04, -81.65]
7.892099e+09 [-4.57, 23.00] [-4.37, 24.00] [-4.17, 25.00]
8.193489e+09 [-4.58, 64.27] [-4.38, 65.27] [-4.18, 66.27]
8.506389e+09 [-4.71, 39.31] [-4.51, 40.31] [-4.31, 41.31]
8.831239e+09 [-4.76, -56.50] [-4.56, -55.50] [-4.36, -54.50]
9.168493e+09 [-4.83, 135.21] [-4.63, 136.21] [-4.43, 137.21]
9.518628e+09 [-4.90, -107.70] [-4.70, -106.70] [-4.50, -105.70]
9.882133e+09 [-5.07, -69.48] [-4.87, -68.48] [-4.67, -67.48]
1.025952e+10 [-5.27, -111.72] [-5.07, -110.72] [-4.87, -109.72]
1.065132e+10 [-5.37, 122.98] [-5.17, 123.98] [-4.97, 124.98]
1.105808e+10 [-5.61, -91.66] [-5.41, -90.66] [-5.21, -89.66]
1.148038e+10 [-5.63, -35.88] [-5.43, -34.88] [-5.23, -33.88]
1.191880e+10 [-6.00, -73.74] [-5.80, -72.74] [-5.60, -71.74]
1.237396e+10 [-5.84, 151.08] [-5.64, 152.08] [-5.44, 153.08]
1.284651e+10 [-5.86, -84.90] [-5.66, -83.90] [-5.46, -82.90]
1.333711e+10 [-6.07, -70.47] [-5.87, -69.47] [-5.67, -68.47]
1.384643e+10 [-6.52, -162.81] [-6.32, -161.81] [-6.12, -160.81]
1.437521e+10 [-6.53, -5.97] [-6.33, -4.97] [-6.13, -3.97]
1.492419e+10 [-6.98, 28.78] [-6.78, 29.78] [-6.58, 30.78]
1.549412e+10 [-7.06, -54.92] [-6.86, -53.92] [-6.66, -52.92]
1.608583e+10 [-7.13, 90.81] [-6.93, 91.81] [-6.73, 92.81]
1.670013e+10 [-7.84, 101.40] [-7.64, 102.40] [-7.44, 103.40]
1.733789e+10 [-8.07, -15.75] [-7.87, -14.75] [-7.67, -13.75]
1.800000e+10 [-7.66, 81.62] [-7.46, 82.62] [-7.26, 83.62]
