FUNIT: Hz
UNIT: dB
1.000000e+07 [-20.62, -78.37] [-20.42, -77.37] [-20.22, -76.37]
1.038189e+07 [-20.58, -81.34] [-20.38, -80.34] [-20.18, -79.34]
1.077836e+07 [-20.56, -83.21] [-20.36, -82.21] [-20.16, -81.21]
1.118997e+07 [-20.83, -87.66] [-20.63, -86.66] [-20.43, -85.66]
1.161731e+07 [-20.66, -89.27] [-20.46, -88.27] [-20.26, -87.27]
1.206096e+07 [-20.63, -93.67] [-20.43, -92.67] [-20.23, -91.67]
1.252155e+07 [-20.58, -97.80] [-20.38, -96.80] [-20.18, -95.80]
1.299974e+07 [-20.64, -100.78] [-20.44, -99.78] [-20.24, -98.78]
1.349618e+07 [-20.59, -104.61] [-20.39, -103.61] [-20.19, -102.61]
1.401158e+07 [-20.55, -108.77] [-20.35, -107.77] [-20.15, -106.77]
1.454667e+07 [-20.70, -113.22] [-20.50, -112.22] [-20.30, -111.22]
1.510219e+07 [-20.77, -116.18] [-20.57, -115.18] [-20.37, -114.18]
1.567893e+07 [-20.60, -121.45] [-20.40, -120.45] [-20.20, -119.45]
1.627769e+07 [-20.68, -125.72] [-20.48, -124.72] [-20.28, -123.72]
1.689931e+07 [-20.59, -130.48] [-20.39, -129.48] [-20.19, -128.48]
1.754468e+07 [-20.61, -135.55] [-20.41, -134.55] [-20.21, -133.55]
1.821469e+07 [-20.71, -140.60] [-20.51, -139.60] [-20.31, -138.60]
1.891029e+07 [-20.68, -145.84] [-20.48, -144.84] [-20.28, -143.84]
1.963245e+07 [-20.71, -151.84] [-20.51, -150.84] [-20.31, -149.84]
2.038219e+07 [-20.69, -157.39] [-20.49, -156.39] [-20.29, -155.39]
2.116056e+07 [-20.67, -162.88] [-20.47, -161.88] [-20.27, -160.88]
2.196866e+07 [-20.67, -169.51] [-20.47, -168.51] [-20.27, -167.51]
2.280762e+07 [-20.66, -175.45] [-20.46, -174.45] [-20.26, -173.45]
2.367862e+07 [-20.68, 177.30] [-20.48, 178.30] [-20.28, 179.30]
2.458288e+07 [-20.64, 170.69] [-20.44, 171.69] [-20.24, 172.69]
2.552167e+07 [-20.67, 163.56] [-20.47, 164.56] [-20.27, 165.56]
2.649631e+07 [-20.70, 156.03] [-20.50, 157.03] [-20.30, 158.03]
2.750818e+07 [-20.69, 148.43] [-20.49, 149.43] [-20.29, 150.43]
2.855868e+07 [-20.69, 140.27] [-20.49, 141.27] [-20.29, 142.27]
2.964930e+07 [-20.68, 131.67] [-20.48, 132.67] [-20.28, 133.67]
3.078158e+07 [-20.72, 123.52] [-20.52, 124.52] [-20.32, 125.52]
3.195709e+07 [-20.71, 114.31] [-20.51, 115.31] [-20.31, 116.31]
3.317750e+07 [-20.74, 104.92] [-20.54, 105.92] [-20.34, 106.92]
3.444451e+07 [-20.76, 95.23] [-20.56, 96.23] [-20.36, 97.23]
3.575990e+07 [-20.75, 85.52] [-20.55, 86.52] [-20.35, 87.52]
3.712553e+07 [-20.75, 74.80] [-20.55, 75.80] [-20.35, 76.80]
3.854331e+07 [-20.78, 64.19] [-20.58, 65.19] [-20.38, 66.19]
4.001524e+07 [-20.80, 52.75] [-20.60, 53.75] [-20.40, 54.75]
4.154338e+07 [-20.78, 41.44] [-20.58, 42.44] [-20.38, 43.44]
4.312987e+07 [-20.78, 29.15] [-20.58, 30.15] [-20.38, 31.15]
4.477695e+07 [-20.76, 16.74] [-20.56, 17.74] [-20.36, 18.74]
4.648693e+07 [-20.79, 3.43] [-20.59, 4.43] [-20.39, 5.43]
4.826221e+07 [-20.78, -10.06] [-20.58, -9.06] [-20.38, -8.06]
5.010529e+07 [-20.80, -24.15] [-20.60, -23.15] [-20.40, -22.15]
5.201875e+07 [-20.84, -38.74] [-20.64, -37.74] [-20.44, -36.74]
5.400529e+07 [-20.81, -53.74] [-20.61, -52.74] [-20.41, -51.74]
5.606769e+07 [-20.83, -69.50] [-20.63, -68.50] [-20.43, -67.50]
5.820885e+07 [-20.85, -85.81] [-20.65, -84.81] [-20.45, -83.81]
6.043178e+07 [-20.81, -102.93] [-20.61, -101.93] [-20.41, -100.93]
6.273960e+07 [-20.87, -120.52] [-20.67, -119.52] [-20.47, -118.52]
6.513556e+07 [-20.90, -138.67] [-20.70, -137.67] [-20.50, -136.67]
6.762301e+07 [-20.89, -157.61] [-20.69, -156.61] [-20.49, -155.61]
7.020545e+07 [-20.91, -177.08] [-20.71, -176.08] [-20.51, -175.08]
7.288652e+07 [-20.89, 162.31] [-20.69, 163.31] [-20.49, 164.31]
7.566997e+07 [-20.89, 141.25] [-20.69, 142.25] [-20.49, 143.25]
7.855972e+07 [-20.94, 119.13] [-20.74, 120.13] [-20.54, 121.13]
8.155983e+07 [-20.92, 96.33] [-20.72, 97.33] [-20.52, 98.33]
8.467450e+07 [-20.94, 72.51] [-20.74, 73.51] [-20.54, 74.51]
8.790813e+07 [-20.94, 47.91] [-20.74, 48.91] [-20.54, 49.91]
9.126524e+07 [-20.96, 22.37] [-20.76, 23.37] [-20.56, 24.37]
9.475055e+07 [-20.95, -4.11] [-20.75, -3.11] [-20.55, -2.11]
9.836897e+07 [-20.96, -31.69] [-20.76, -30.69] [-20.56, -29.69]
1.021256e+08 [-20.98, -60.12] [-20.78, -59.12] [-20.58, -58.12]
1.060256e+08 [-21.00, -89.99] [-20.80, -88.99] [-20.60, -87.99]
1.100746e+08 [-21.01, -120.86] [-20.81, -119.86] [-20.61, -118.86]
1.142782e+08 [-21.03, -152.81] [-20.83, -151.81] [-20.63, -150.81]
1.186424e+08 [-21.04, 174.08] [-20.84, 175.08] [-20.64, 176.08]
1.231732e+08 [-21.06, 139.59] [-20.86, 140.59] [-20.66, 141.59]
1.278771e+08 [-21.06, 103.75] [-20.86, 104.75] [-20.66, 105.75]
1.327605e+08 [-21.07, 66.53] [-20.87, 67.53] [-20.67, 68.53]
1.378305e+08 [-21.09, 27.99] [-20.89, 28.99] [-20.69, 29.99]
1.430941e+08 [-21.10, -12.09] [-20.90, -11.09] [-20.70, -10.09]
1.485587e+08 [-21.12, -53.59] [-20.92, -52.59] [-20.72, -51.59]
1.542320e+08 [-21.13, -96.76] [-20.93, -95.76] [-20.73, -94.76]
1.601219e+08 [-21.15, -141.62] [-20.95, -140.62] [-20.75, -139.62]
1.662368e+08 [-21.16, 171.89] [-20.96, 172.89] [-20.76, 173.89]
1.725852e+08 [-21.18, 123.54] [-20.98, 124.54] [-20.78, 125.54]
1.791760e+08 [-21.20, 73.49] [-21.00, 74.49] [-20.80, 75.49]
1.860186e+08 [-21.21, 21.42] [-21.01, 22.42] [-20.81, 23.42]
1.931224e+08 [-21.24, -32.62] [-21.04, -31.62] [-20.84, -30.62]
2.004975e+08 [-21.25, -88.66] [-21.05, -87.66] [-20.85, -86.66]
2.081543e+08 [-21.26, -146.93] [-21.06, -145.93] [-20.86, -144.93]
2.161035e+08 [-21.28, 152.67] [-21.08, 153.67] [-20.88, 154.67]
2.243562e+08 [-21.29, 89.83] [-21.09, 90.83] [-20.89, 91.83]
2.329241e+08 [-21.32, 24.69] [-21.12, 25.69] [-20.92, 26.69]
2.418192e+08 [-21.33, -42.98] [-21.13, -41.98] [-20.93, -40.98]
2.510540e+08 [-21.35, -113.19] [-21.15, -112.19] [-20.95, -111.19]
2.606415e+08 [-21.37, 173.92] [-21.17, 174.92] [-20.97, 175.92]
2.705951e+08 [-21.40, 98.20] [-21.20, 99.20] [-21.00, 100.20]
2.809288e+08 [-21.42, 19.69] [-21.22, 20.69] [-21.02, 21.69]
2.916571e+08 [-21.44, -61.84] [-21.24, -60.84] [-21.04, -59.84]
3.027952e+08 [-21.45, -146.56] [-21.25, -145.56] [-21.05, -144.56]
3.143586e+08 [-21.48, 125.56] [-21.28, 126.56] [-21.08, 127.56]
3.263636e+08 [-21.50, 34.27] [-21.30, 35.27] [-21.10, 36.27]
3.388271e+08 [-21.52, -60.50] [-21.32, -59.50] [-21.12, -58.50]
3.517665e+08 [-21.54, -158.87] [-21.34, -157.87] [-21.14, -156.87]
3.652000e+08 [-21.57, 99.04] [-21.37, 100.04] [-21.17, 101.04]
3.791466e+08 [-21.60, -6.94] [-21.40, -5.94] [-21.20, -4.94]
3.936258e+08 [-21.63, -116.96] [-21.43, -115.96] [-21.23, -114.96]
4.086579e+08 [-21.64, 128.86] [-21.44, 129.86] [-21.24, 130.86]
4.242641e+08 [-21.66, 10.18] [-21.46, 11.18] [-21.26, 12.18]
4.404662e+08 [-21.69, -112.98] [-21.49, -111.98] [-21.29, -110.98]
4.572871e+08 [-21.72, 119.14] [-21.52, 120.14] [-21.32, 121.14]
4.747504e+08 [-21.75, -13.55] [-21.55, -12.55] [-21.35, -11.55]
4.928806e+08 [-21.77, -151.28] [-21.57, -150.28] [-21.37, -149.28]
5.117031e+08 [-21.79, 65.65] [-21.59, 66.65] [-21.39, 67.65]
5.312445e+08 [-21.82, -83.01] [-21.62, -82.01] [-21.42, -81.01]
5.515321e+08 [-21.89, 122.99] [-21.69, 123.99] [-21.49, 124.99]
5.725945e+08 [-21.89, -36.92] [-21.69, -35.92] [-21.49, -34.92]
5.944612e+08 [-21.91, 156.92] [-21.71, 157.92] [-21.51, 158.92]
6.171630e+08 [-21.93, -15.86] [-21.73, -14.86] [-21.53, -13.86]
6.407317e+08 [-22.01, 165.27] [-21.81, 166.27] [-21.61, 167.27]
6.652006e+08 [-22.01, -20.61] [-21.81, -19.61] [-21.61, -18.61]
6.906038e+08 [-22.03, 146.26] [-21.83, 147.26] [-21.63, 148.26]
7.169772e+08 [-22.09, -54.09] [-21.89, -53.09] [-21.69, -52.09]
7.443577e+08 [-22.11, 97.89] [-21.91, 98.89] [-21.71, 99.89]
7.727839e+08 [-22.12, -118.14] [-21.92, -117.14] [-21.72, -116.14]
8.022956e+08 [-22.19, 17.72] [-21.99, 18.72] [-21.79, 19.72]
8.329344e+08 [-22.23, 145.08] [-22.03, 146.08] [-21.83, 147.08]
8.647432e+08 [-22.23, -96.86] [-22.03, -95.86] [-21.83, -94.86]
8.977667e+08 [-22.33, 12.27] [-22.13, 13.27] [-21.93, 14.27]
9.320514e+08 [-22.30, 112.09] [-22.10, 113.09] [-21.90, 114.09]
9.676454e+08 [-22.38, -158.83] [-22.18, -157.83] [-21.98, -156.83]
1.004599e+09 [-22.44, -78.69] [-22.24, -77.69] [-22.04, -76.69]
1.042963e+09 [-22.42, -10.71] [-22.22, -9.71] [-22.02, -8.71]
1.082793e+09 [-22.53, 47.22] [-22.33, 48.22] [-22.13, 49.22]
1.124143e+09 [-22.49, 92.60] [-22.29, 93.60] [-22.09, 94.60]
1.167073e+09 [-22.62, 127.01] [-22.42, 128.01] [-22.22, 129.01]
1.211642e+09 [-22.58, 147.91] [-22.38, 148.91] [-22.18, 149.91]
1.257913e+09 [-22.69, 156.90] [-22.49, 157.90] [-22.29, 158.90]
1.305952e+09 [-22.73, 151.49] [-22.53, 152.49] [-22.33, 153.49]
1.355825e+09 [-22.76, 133.52] [-22.56, 134.52] [-22.36, 135.52]
1.407602e+09 [-22.83, 99.62] [-22.63, 100.62] [-22.43, 101.62]
1.461357e+09 [-22.81, 51.32] [-22.61, 52.32] [-22.41, 53.32]
1.517164e+09 [-22.93, -11.78] [-22.73, -10.78] [-22.53, -9.78]
1.575103e+09 [-23.00, -92.94] [-22.80, -91.94] [-22.60, -90.94]
1.635254e+09 [-22.94, 170.51] [-22.74, 171.51] [-22.54, 172.51]
1.697703e+09 [-23.02, 56.89] [-22.82, 57.89] [-22.62, 58.89]
1.762536e+09 [-23.16, -75.76] [-22.96, -74.76] [-22.76, -73.76]
1.829845e+09 [-23.20, 132.56] [-23.00, 133.56] [-22.80, 134.56]
1.899725e+09 [-23.17, -38.23] [-22.97, -37.23] [-22.77, -36.23]
1.972273e+09 [-23.19, 131.11] [-22.99, 132.11] [-22.79, 133.11]
2.047592e+09 [-23.27, -80.57] [-23.07, -79.57] [-22.87, -78.57]
2.125787e+09 [-23.39, 45.83] [-23.19, 46.83] [-22.99, 47.83]
2.206969e+09 [-23.49, 149.22] [-23.29, 150.22] [-23.09, 151.22]
2.291250e+09 [-23.57, -130.82] [-23.37, -129.82] [-23.17, -128.82]
2.378751e+09 [-23.65, -75.23] [-23.45, -74.23] [-23.25, -73.23]
2.469592e+09 [-23.67, -45.15] [-23.47, -44.15] [-23.27, -43.15]
2.563903e+09 [-23.68, -41.08] [-23.48, -40.08] [-23.28, -39.08]
2.661816e+09 [-23.67, -65.76] [-23.47, -64.76] [-23.27, -63.76]
2.763468e+09 [-23.87, -118.84] [-23.67, -117.84] [-23.47, -116.84]
2.869001e+09 [-24.17, 160.29] [-23.97, 161.29] [-23.77, 162.29]
2.978565e+09 [-24.24, 50.51] [-24.04, 51.51] [-23.84, 52.51]
3.092313e+09 [-23.98, -95.75] [-23.78, -94.75] [-23.58, -93.75]
3.210405e+09 [-24.44, 87.76] [-24.24, 88.76] [-24.04, 89.76]
3.333007e+09 [-24.37, -120.40] [-24.17, -119.40] [-23.97, -118.40]
3.460290e+09 [-24.69, -10.55] [-24.49, -9.55] [-24.29, -8.55]
3.592435e+09 [-24.48, 70.45] [-24.28, 71.45] [-24.08, 72.45]
3.729626e+09 [-25.23, 106.55] [-25.03, 107.55] [-24.83, 108.55]
3.872056e+09 [-24.78, 102.34] [-24.58, 103.34] [-24.38, 104.34]
4.019925e+09 [-24.59, 63.07] [-24.39, 64.07] [-24.19, 65.07]
4.173442e+09 [-24.94, -21.23] [-24.74, -20.23] [-24.54, -19.23]
4.332821e+09 [-25.25, -151.70] [-25.05, -150.70] [-24.85, -149.70]
4.498286e+09 [-25.56, 31.14] [-25.36, 32.14] [-25.16, 33.14]
4.670071e+09 [-25.81, 165.46] [-25.61, 166.46] [-25.41, 167.46]
4.848415e+09 [-25.99, -107.93] [-25.79, -106.93] [-25.59, -105.93]
5.033571e+09 [-25.95, -72.02] [-25.75, -71.02] [-25.55, -70.02]
5.225797e+09 [-25.62, -91.91] [-25.42, -90.91] [-25.22, -89.91]
5.425364e+09 [-26.17, -169.72] [-25.97, -168.72] [-25.77, -167.72]
5.632553e+09 [-26.57, 63.83] [-26.37, 64.83] [-26.17, 65.83]
5.847653e+09 [-25.98, -131.71] [-25.78, -130.71] [-25.58, -129.71]
6.070969e+09 [-25.95, -23.50] [-25.75, -22.50] [-25.55, -21.50]
6.302812e+09 [-26.41, 13.92] [-26.21, 14.92] [-26.01, 15.92]
6.543509e+09 [-26.34, -15.91] [-26.14, -14.91] [-25.94, -13.91]
6.793398e+09 [-25.88, -112.71] [-25.68, -111.71] [-25.48, -110.71]
7.052830e+09 [-26.25, 75.08] [-26.05, 76.08] [-25.85, 77.08]
7.322170e+09 [-26.61, -168.69] [-26.41, -167.69] [-26.21, -166.69]
7.601795e+09 [-26.76, -129.38] [-26.56, -128.38] [-26.36, -127.38]
7.892099e+09 [-26.39, -173.05] [-26.19, -172.05] [-25.99, -171.05]
8.193489e+09 [-27.20, 56.55] [-27.00, 57.55] [-26.80, 58.55]
8.506389e+09 [-26.66, -158.00] [-26.46, -157.00] [-26.26, -156.00]
8.831239e+09 [-26.67, -100.54] [-26.47, -99.54] [-26.27, -98.54]
9.168493e+09 [-26.80, -143.24] [-26.60, -142.24] [-26.40, -141.24]
9.518628e+09 [-26.66, 74.60] [-26.46, 75.60] [-26.26, 76.60]
9.882133e+09 [-26.81, -167.83] [-26.61, -166.83] [-26.41, -165.83]
1.025952e+10 [-26.92, -152.53] [-26.72, -151.53] [-26.52, -150.53]
1.065132e+10 [-27.34, 110.71] [-27.14, 111.71] [-26.94, 112.71]
1.105808e+10 [-27.07, -97.94] [-26.87, -96.94] [-26.67, -95.94]
1.148038e+10 [-27.11, -63.33] [-26.91, -62.33] [-26.71, -61.33]
1.191880e+10 [-27.51, -155.80] [-27.31, -154.80] [-27.11, -153.80]
1.237396e+10 [-27.43, -12.33] [-27.23, -11.33] [-27.03, -10.33]
1.284651e+10 [-27.33, -0.24] [-27.13, 0.76] [-26.93, 1.76]
1.333711e+10 [-27.47, -129.97] [-27.27, -128.97] [-27.07, -127.97]
1.384643e+10 [-27.55, -39.60] [-27.35, -38.60] [-27.15, -37.60]
1.437521e+10 [-28.26, -100.98] [-28.06, -99.98] [-27.86, -98.98]
1.492419e+10 [-28.19, 53.02] [-27.99, 54.02] [-27.79, 55.02]
1.549412e+10 [-29.06, 34.21] [-28.86, 35.21] [-28.66, 36.21]
1.608583e+10 [-29.26, -144.61] [-29.06, -143.61] [-28.86, -142.61]
1.670013e+10 [-29.84, -129.53] [-29.64, -128.53] [-29.44, -127.53]
1.733789e+10 [-29.03, 62.14] [-28.83, 63.14] [-28.63, 64.14]
1.800000e+10 [-30.46, 72.14] [-30.26, 73.14] [-30.06, 74.14]
