FUNIT: Hz
UNIT: dB
1.000000e+07 -0.35 -0.15 0.05
1.038189e+07 -0.37 -0.17 0.03
1.077836e+07 -0.31 -0.11 0.09
1.118997e+07 -0.33 -0.13 0.07
1.161731e+07 -0.33 -0.13 0.07
1.206096e+07 -0.35 -0.15 0.05
1.252155e+07 -0.40 -0.20 -0.00
1.299974e+07 -0.35 -0.15 0.05
1.349618e+07 -0.37 -0.17 0.03
1.401158e+07 -0.40 -0.20 0.00
1.454667e+07 -0.32 -0.12 0.08
1.510219e+07 -0.36 -0.16 0.04
1.567893e+07 -0.40 -0.20 0.00
1.627769e+07 -0.35 -0.15 0.05
1.689931e+07 -0.32 -0.12 0.08
1.754468e+07 -0.37 -0.17 0.03
1.821469e+07 -0.34 -0.14 0.06
1.891029e+07 -0.38 -0.18 0.02
1.963245e+07 -0.37 -0.17 0.03
2.038219e+07 -0.38 -0.18 0.02
2.116056e+07 -0.38 -0.18 0.02
2.196866e+07 -0.39 -0.19 0.01
2.280762e+07 -0.39 -0.19 0.01
2.367862e+07 -0.44 -0.24 -0.04
2.458288e+07 -0.40 -0.20 0.00
2.552167e+07 -0.37 -0.17 0.03
2.649631e+07 -0.40 -0.20 0.00
2.750818e+07 -0.41 -0.21 -0.01
2.855868e+07 -0.41 -0.21 -0.01
2.964930e+07 -0.41 -0.21 -0.01
3.078158e+07 -0.40 -0.20 -0.00
3.195709e+07 -0.40 -0.20 0.00
3.317750e+07 -0.43 -0.23 -0.03
3.444451e+07 -0.43 -0.23 -0.03
3.575990e+07 -0.43 -0.23 -0.03
3.712553e+07 -0.43 -0.23 -0.03
3.854331e+07 -0.45 -0.25 -0.05
4.001524e+07 -0.43 -0.23 -0.03
4.154338e+07 -0.45 -0.25 -0.05
4.312987e+07 -0.45 -0.25 -0.05
4.477695e+07 -0.45 -0.25 -0.05
4.648693e+07 -0.46 -0.26 -0.06
4.826221e+07 -0.46 -0.26 -0.06
5.010529e+07 -0.47 -0.27 -0.07
5.201875e+07 -0.47 -0.27 -0.07
5.400529e+07 -0.47 -0.27 -0.07
5.606769e+07 -0.47 -0.27 -0.07
5.820885e+07 -0.48 -0.28 -0.08
6.043178e+07 -0.49 -0.29 -0.09
6.273960e+07 -0.49 -0.29 -0.09
6.513556e+07 -0.50 -0.30 -0.10
6.762301e+07 -0.50 -0.30 -0.10
7.020545e+07 -0.51 -0.31 -0.11
7.288652e+07 -0.52 -0.32 -0.12
7.566997e+07 -0.52 -0.32 -0.12
7.855972e+07 -0.53 -0.33 -0.13
8.155983e+07 -0.53 -0.33 -0.13
8.467450e+07 -0.55 -0.35 -0.15
8.790813e+07 -0.55 -0.35 -0.15
9.126524e+07 -0.56 -0.36 -0.16
9.475055e+07 -0.56 -0.36 -0.16
9.836897e+07 -0.57 -0.37 -0.17
1.021256e+08 -0.57 -0.37 -0.17
1.060256e+08 -0.58 -0.38 -0.18
1.100746e+08 -0.58 -0.38 -0.18
1.142782e+08 -0.59 -0.39 -0.19
1.186424e+08 -0.60 -0.40 -0.20
1.231732e+08 -0.61 -0.41 -0.21
1.278771e+08 -0.61 -0.41 -0.21
1.327605e+08 -0.62 -0.42 -0.22
1.378305e+08 -0.63 -0.43 -0.23
1.430941e+08 -0.63 -0.43 -0.23
1.485587e+08 -0.65 -0.45 -0.25
1.542320e+08 -0.65 -0.45 -0.25
1.601219e+08 -0.66 -0.46 -0.26
1.662368e+08 -0.67 -0.47 -0.27
1.725852e+08 -0.68 -0.48 -0.28
1.791760e+08 -0.69 -0.49 -0.29
1.860186e+08 -0.70 -0.50 -0.30
1.931224e+08 -0.71 -0.51 -0.31
2.004975e+08 -0.72 -0.52 -0.32
2.081543e+08 -0.73 -0.53 -0.33
2.161035e+08 -0.74 -0.54 -0.34
2.243562e+08 -0.74 -0.54 -0.34
2.329241e+08 -0.75 -0.55 -0.35
2.418192e+08 -0.76 -0.56 -0.36
2.510540e+08 -0.77 -0.57 -0.37
2.606415e+08 -0.79 -0.59 -0.39
2.705951e+08 -0.80 -0.60 -0.40
2.809288e+08 -0.81 -0.61 -0.41
2.916571e+08 -0.82 -0.62 -0.42
3.027952e+08 -0.83 -0.63 -0.43
3.143586e+08 -0.84 -0.64 -0.44
3.263636e+08 -0.85 -0.65 -0.45
3.388271e+08 -0.87 -0.67 -0.47
3.517665e+08 -0.88 -0.68 -0.48
3.652000e+08 -0.89 -0.69 -0.49
3.791466e+08 -0.90 -0.70 -0.50
3.936258e+08 -0.92 -0.72 -0.52
4.086579e+08 -0.93 -0.73 -0.53
4.242641e+08 -0.94 -0.74 -0.54
4.404662e+08 -0.96 -0.76 -0.56
4.572871e+08 -0.97 -0.77 -0.57
4.747504e+08 -0.99 -0.79 -0.59
4.928806e+08 -1.00 -0.80 -0.60
5.117031e+08 -1.02 -0.82 -0.62
5.312445e+08 -1.03 -0.83 -0.63
5.515321e+08 -1.05 -0.85 -0.65
5.725945e+08 -1.06 -0.86 -0.66
5.944612e+08 -1.08 -0.88 -0.68
6.171630e+08 -1.10 -0.90 -0.70
6.407317e+08 -1.12 -0.92 -0.72
6.652006e+08 -1.13 -0.93 -0.73
6.906038e+08 -1.15 -0.95 -0.75
7.169772e+08 -1.17 -0.97 -0.77
7.443577e+08 -1.19 -0.99 -0.79
7.727839e+08 -1.21 -1.01 -0.81
8.022956e+08 -1.23 -1.03 -0.83
8.329344e+08 -1.25 -1.05 -0.85
8.647432e+08 -1.26 -1.06 -0.86
8.977667e+08 -1.29 -1.09 -0.89
9.320514e+08 -1.31 -1.11 -0.91
9.676454e+08 -1.32 -1.12 -0.92
1.004599e+09 -1.35 -1.15 -0.95
1.042963e+09 -1.37 -1.17 -0.97
1.082793e+09 -1.40 -1.20 -1.00
1.124143e+09 -1.42 -1.22 -1.02
1.167073e+09 -1.44 -1.24 -1.04
1.211642e+09 -1.47 -1.27 -1.07
1.257913e+09 -1.49 -1.29 -1.09
1.305952e+09 -1.51 -1.31 -1.11
1.355825e+09 -1.54 -1.34 -1.14
1.407602e+09 -1.56 -1.36 -1.16
1.461357e+09 -1.59 -1.39 -1.19
1.517164e+09 -1.62 -1.42 -1.22
1.575103e+09 -1.64 -1.44 -1.24
1.635254e+09 -1.67 -1.47 -1.27
1.697703e+09 -1.70 -1.50 -1.30
1.762536e+09 -1.73 -1.53 -1.33
1.829845e+09 -1.77 -1.57 -1.37
1.899725e+09 -1.79 -1.59 -1.39
1.972273e+09 -1.82 -1.62 -1.42
2.047592e+09 -1.86 -1.66 -1.46
2.125787e+09 -1.89 -1.69 -1.49
2.206969e+09 -1.93 -1.73 -1.53
2.291250e+09 -1.96 -1.76 -1.56
2.378751e+09 -1.99 -1.79 -1.59
2.469592e+09 -2.01 -1.81 -1.61
2.563903e+09 -2.06 -1.86 -1.66
2.661816e+09 -2.10 -1.90 -1.70
2.763468e+09 -2.13 -1.93 -1.73
2.869001e+09 -2.17 -1.97 -1.77
2.978565e+09 -2.21 -2.01 -1.81
3.092313e+09 -2.25 -2.05 -1.85
3.210405e+09 -2.29 -2.09 -1.89
3.333007e+09 -2.35 -2.15 -1.95
3.460290e+09 -2.38 -2.18 -1.98
3.592435e+09 -2.41 -2.21 -2.01
3.729626e+09 -2.45 -2.25 -2.05
3.872056e+09 -2.50 -2.30 -2.10
4.019925e+09 -2.54 -2.34 -2.14
4.173442e+09 -2.58 -2.38 -2.18
4.332821e+09 -2.64 -2.44 -2.24
4.498286e+09 -2.68 -2.48 -2.28
4.670071e+09 -2.74 -2.54 -2.34
4.848415e+09 -2.79 -2.59 -2.39
5.033571e+09 -2.83 -2.63 -2.43
5.225797e+09 -2.90 -2.70 -2.50
5.425364e+09 -2.96 -2.76 -2.56
5.632553e+09 -3.00 -2.80 -2.60
5.847653e+09 -3.05 -2.85 -2.65
6.070969e+09 -3.11 -2.91 -2.71
6.302812e+09 -3.18 -2.98 -2.78
6.543509e+09 -3.24 -3.04 -2.84
6.793398e+09 -3.30 -3.10 -2.90
7.052830e+09 -3.37 -3.17 -2.97
7.322170e+09 -3.44 -3.24 -3.04
7.601795e+09 -3.47 -3.27 -3.07
7.892099e+09 -3.55 -3.35 -3.15
8.193489e+09 -3.63 -3.43 -3.23
8.506389e+09 -3.69 -3.49 -3.29
8.831239e+09 -3.77 -3.57 -3.37
9.168493e+09 -3.84 -3.64 -3.44
9.518628e+09 -3.92 -3.72 -3.52
9.882133e+09 -3.98 -3.78 -3.58
1.025952e+10 -4.05 -3.85 -3.65
1.065132e+10 -4.13 -3.93 -3.73
1.105808e+10 -4.21 -4.01 -3.81
1.148038e+10 -4.31 -4.11 -3.91
1.191880e+10 -4.40 -4.20 -4.00
1.237396e+10 -4.46 -4.26 -4.06
1.284651e+10 -4.55 -4.35 -4.15
1.333711e+10 -4.65 -4.45 -4.25
1.384643e+10 -4.76 -4.56 -4.36
1.437521e+10 -4.82 -4.62 -4.42
1.492419e+10 -4.94 -4.74 -4.54
1.549412e+10 -5.04 -4.84 -4.64
1.608583e+10 -5.12 -4.92 -4.72
1.670013e+10 -5.22 -5.02 -4.82
1.733789e+10 -5.33 -5.13 -4.93
1.800000e+10 -5.43 -5.23 -5.03
