FUNIT: Hz
UNIT: dB
9.676454e+08 [-40.53, 24.52] [-40.33, 25.52] [-40.13, 26.52]
1.004599e+09 [-40.36, -60.33] [-40.16, -59.33] [-39.96, -58.33]
1.042963e+09 [-40.20, -148.71] [-40.00, -147.71] [-39.80, -146.71]
1.082793e+09 [-40.07, 119.60] [-39.87, 120.60] [-39.67, 121.60]
1.124143e+09 [-39.96, 24.45] [-39.76, 25.45] [-39.56, 26.45]
1.167073e+09 [-39.87, -74.43] [-39.67, -73.43] [-39.47, -72.43]
1.211642e+09 [-39.78, -177.10] [-39.58, -176.10] [-39.38, -175.10]
1.257913e+09 [-39.72, 76.28] [-39.52, 77.28] [-39.32, 78.28]
1.305952e+09 [-39.68, -34.53] [-39.48, -33.53] [-39.28, -32.53]
1.355825e+09 [-39.65, -149.52] [-39.45, -148.52] [-39.25, -147.52]
1.407602e+09 [-39.66, 91.03] [-39.46, 92.03] [-39.26, 93.03]
1.461357e+09 [-39.69, -33.08] [-39.49, -32.08] [-39.29, -31.08]
1.517164e+09 [-39.75, -162.05] [-39.55, -161.05] [-39.35, -160.05]
1.575103e+09 [-39.84, 63.90] [-39.64, 64.90] [-39.44, 65.90]
1.635254e+09 [-39.93, -75.42] [-39.73, -74.42] [-39.53, -73.42]
1.697703e+09 [-40.08, 139.73] [-39.88, 140.73] [-39.68, 141.73]
1.762536e+09 [-40.26, -10.72] [-40.06, -9.72] [-39.86, -8.72]
1.829845e+09 [-40.45, -167.39] [-40.25, -166.39] [-40.05, -165.39]
1.899725e+09 [-40.67, 29.83] [-40.47, 30.83] [-40.27, 31.83]
1.972273e+09 [-40.93, -139.54] [-40.73, -138.54] [-40.53, -137.54]
2.000000e+09 [-41.19, 44.28] [-40.99, 45.28] [-40.79, 46.28]
2.000000e+09 [-41.47, 29.83] [-41.27, 30.83] [-41.07, 31.83]
2.125787e+09 [-41.34, -123.87] [-41.14, -122.87] [-40.94, -121.87]
2.206969e+09 [-41.25, 77.05] [-41.05, 78.05] [-40.85, 79.05]
2.291250e+09 [-41.07, -87.82] [-40.87, -86.82] [-40.67, -85.82]
2.378751e+09 [-40.97, 99.79] [-40.77, 100.79] [-40.57, 101.79]
2.469592e+09 [-40.85, -78.55] [-40.65, -77.55] [-40.45, -76.55]
2.563903e+09 [-40.61, 96.46] [-40.41, 97.46] [-40.21, 98.46]
2.661816e+09 [-40.58, -94.06] [-40.38, -93.06] [-40.18, -92.06]
2.763468e+09 [-40.57, 63.79] [-40.37, 64.79] [-40.17, 65.79]
2.869001e+09 [-40.54, -143.80] [-40.34, -142.80] [-40.14, -141.80]
2.978565e+09 [-40.54, 0.73] [-40.34, 1.73] [-40.14, 2.73]
3.092313e+09 [-40.53, 136.75] [-40.33, 137.75] [-40.13, 138.75]
3.210405e+09 [-40.59, -95.53] [-40.39, -94.53] [-40.19, -93.53]
3.333007e+09 [-40.60, 22.92] [-40.40, 23.92] [-40.20, 24.92]
3.460290e+09 [-40.68, 131.90] [-40.48, 132.90] [-40.28, 133.90]
3.592435e+09 [-40.75, -128.59] [-40.55, -127.59] [-40.35, -126.59]
3.729626e+09 [-40.89, -39.31] [-40.69, -38.31] [-40.49, -37.31]
3.872056e+09 [-41.02, 39.30] [-40.82, 40.30] [-40.62, 41.30]
4.019925e+09 [-41.18, 107.30] [-40.98, 108.30] [-40.78, 109.30]
4.173442e+09 [-41.30, 164.26] [-41.10, 165.26] [-40.90, 166.26]
4.332821e+09 [-41.49, -150.87] [-41.29, -149.87] [-41.09, -148.87]
4.498286e+09 [-41.64, -118.75] [-41.44, -117.75] [-41.24, -116.75]
4.670071e+09 [-41.73, -99.09] [-41.53, -98.09] [-41.33, -97.09]
4.848415e+09 [-41.87, -92.66] [-41.67, -91.66] [-41.47, -90.66]
5.033571e+09 [-41.99, -99.70] [-41.79, -98.70] [-41.59, -97.70]
5.225797e+09 [-42.03, -121.03] [-41.83, -120.03] [-41.63, -119.03]
5.425364e+09 [-41.99, -156.73] [-41.79, -155.73] [-41.59, -154.73]
5.632553e+09 [-42.05, 152.86] [-41.85, 153.86] [-41.65, 154.86]
5.847653e+09 [-42.10, 87.50] [-41.90, 88.50] [-41.70, 89.50]
6.000000e+09 [-41.95, 6.98] [-41.75, 7.98] [-41.55, 8.98]
6.000000e+09 [-39.47, 99.36] [-39.27, 100.36] [-39.07, 101.36]
6.302812e+09 [-39.56, 129.13] [-39.36, 130.13] [-39.16, 131.13]
6.543509e+09 [-39.58, 144.07] [-39.38, 145.07] [-39.18, 146.07]
6.793398e+09 [-39.58, 147.04] [-39.38, 148.04] [-39.18, 149.04]
7.052830e+09 [-39.64, 135.45] [-39.44, 136.45] [-39.24, 137.45]
7.322170e+09 [-39.64, 110.14] [-39.44, 111.14] [-39.24, 112.14]
7.601795e+09 [-39.64, 70.03] [-39.44, 71.03] [-39.24, 72.03]
7.892099e+09 [-39.66, 14.59] [-39.46, 15.59] [-39.26, 16.59]
8.193489e+09 [-39.67, -57.08] [-39.47, -56.08] [-39.27, -55.08]
8.506389e+09 [-39.73, -144.80] [-39.53, -143.80] [-39.33, -142.80]
8.831239e+09 [-39.77, 110.50] [-39.57, 111.50] [-39.37, 112.50]
9.168493e+09 [-39.80, -12.20] [-39.60, -11.20] [-39.40, -10.20]
9.518628e+09 [-39.85, -152.97] [-39.65, -151.97] [-39.45, -150.97]
9.882133e+09 [-39.98, 44.45] [-39.78, 45.45] [-39.58, 46.45]
1.025952e+10 [-40.19, -137.85] [-39.99, -136.85] [-39.79, -135.85]
1.065132e+10 [-40.27, 22.77] [-40.07, 23.77] [-39.87, 24.77]
1.105808e+10 [-40.48, 159.81] [-40.28, 160.81] [-40.08, 161.81]
1.148038e+10 [-40.58, -85.38] [-40.38, -84.38] [-40.18, -83.38]
1.191880e+10 [-40.52, 6.25] [-40.32, 7.25] [-40.12, 8.25]
1.237396e+10 [-40.69, 73.24] [-40.49, 74.24] [-40.29, 75.24]
1.284651e+10 [-40.69, 115.30] [-40.49, 116.30] [-40.29, 117.30]
1.333711e+10 [-40.79, 131.44] [-40.59, 132.44] [-40.39, 133.44]
1.384643e+10 [-40.92, 120.67] [-40.72, 121.67] [-40.52, 122.67]
1.437521e+10 [-40.92, 82.80] [-40.72, 83.80] [-40.52, 84.80]
1.492419e+10 [-40.98, 15.37] [-40.78, 16.37] [-40.58, 17.37]
1.549412e+10 [-40.90, -85.26] [-40.70, -84.26] [-40.50, -83.26]
1.608583e+10 [-41.18, 144.07] [-40.98, 145.07] [-40.78, 146.07]
1.670013e+10 [-41.15, -20.10] [-40.95, -19.10] [-40.75, -18.10]
1.733789e+10 [-41.50, 141.42] [-41.30, 142.42] [-41.10, 143.42]
1.800000e+10 [-41.41, -88.94] [-41.21, -87.94] [-41.01, -86.94]
