FUNIT: Hz
UNIT: dB
1.000000e+07 [-0.30, -97.00] [-0.10, -96.00] [0.10, -95.00]
9.995000e+07 [-0.84, 113.59] [-0.64, 114.59] [-0.44, 115.59]
1.899000e+08 [-1.05, -32.67] [-0.85, -31.67] [-0.65, -30.67]
2.798500e+08 [-1.24, -178.98] [-1.04, -177.98] [-0.84, -176.98]
3.698000e+08 [-1.39, 35.06] [-1.19, 36.06] [-0.99, 37.06]
4.597500e+08 [-1.53, -110.64] [-1.33, -109.64] [-1.13, -108.64]
5.497000e+08 [-1.65, 103.46] [-1.45, 104.46] [-1.25, 105.46]
6.396500e+08 [-1.77, -42.20] [-1.57, -41.20] [-1.37, -40.20]
7.296000e+08 [-1.87, 172.13] [-1.67, 173.13] [-1.47, 174.13]
8.195500e+08 [-1.96, 26.54] [-1.76, 27.54] [-1.56, 28.54]
9.095000e+08 [-2.07, -119.00] [-1.87, -118.00] [-1.67, -117.00]
9.994500e+08 [-2.17, 95.44] [-1.97, 96.44] [-1.77, 97.44]
1.089400e+09 [-2.24, -50.10] [-2.04, -49.10] [-1.84, -48.10]
1.179350e+09 [-2.33, 164.28] [-2.13, 165.28] [-1.93, 166.28]
1.269300e+09 [-2.40, 18.82] [-2.20, 19.82] [-2.00, 20.82]
1.359250e+09 [-2.50, -126.61] [-2.30, -125.61] [-2.10, -124.61]
1.449200e+09 [-2.57, 87.92] [-2.37, 88.92] [-2.17, 89.92]
1.539150e+09 [-2.62, -57.61] [-2.42, -56.61] [-2.22, -55.61]
1.629100e+09 [-2.69, 156.82] [-2.49, 157.82] [-2.29, 158.82]
1.719050e+09 [-2.78, 11.54] [-2.58, 12.54] [-2.38, 13.54]
1.809000e+09 [-2.85, -133.80] [-2.65, -132.80] [-2.45, -131.80]
1.898950e+09 [-2.90, 80.93] [-2.70, 81.93] [-2.50, 82.93]
1.988900e+09 [-2.96, -64.75] [-2.76, -63.75] [-2.56, -62.75]
2.078850e+09 [-3.06, 150.15] [-2.86, 151.15] [-2.66, 152.15]
2.168800e+09 [-3.16, 4.57] [-2.96, 5.57] [-2.76, 6.57]
2.258750e+09 [-3.17, -140.66] [-2.97, -139.66] [-2.77, -138.66]
2.348700e+09 [-3.26, 73.95] [-3.06, 74.95] [-2.86, 75.95]
2.438650e+09 [-3.30, -71.21] [-3.10, -70.21] [-2.90, -69.21]
2.528600e+09 [-3.51, 143.05] [-3.31, 144.05] [-3.11, 145.05]
2.618550e+09 [-3.44, -1.80] [-3.24, -0.80] [-3.04, 0.20]
2.708500e+09 [-3.45, -147.28] [-3.25, -146.28] [-3.05, -145.28]
2.798450e+09 [-3.53, 67.37] [-3.33, 68.37] [-3.13, 69.37]
2.888400e+09 [-3.64, -78.02] [-3.44, -77.02] [-3.24, -76.02]
2.978350e+09 [-3.68, 137.21] [-3.48, 138.21] [-3.28, 139.21]
3.068300e+09 [-3.70, -8.64] [-3.50, -7.64] [-3.30, -6.64]
3.158250e+09 [-3.74, -154.32] [-3.54, -153.32] [-3.34, -152.32]
3.248200e+09 [-3.82, 60.31] [-3.62, 61.31] [-3.42, 62.31]
3.338150e+09 [-3.94, -83.75] [-3.74, -82.75] [-3.54, -81.75]
3.428100e+09 [-3.95, 129.89] [-3.75, 130.89] [-3.55, 131.89]
3.518050e+09 [-4.08, -15.47] [-3.88, -14.47] [-3.68, -13.47]
3.608000e+09 [-4.07, -161.37] [-3.87, -160.37] [-3.67, -159.37]
3.697950e+09 [-4.08, 54.49] [-3.88, 55.49] [-3.68, 56.49]
3.787900e+09 [-4.20, -91.79] [-4.00, -90.79] [-3.80, -89.79]
3.877850e+09 [-4.18, 123.62] [-3.98, 124.62] [-3.78, 125.62]
3.967800e+09 [-4.19, -22.51] [-3.99, -21.51] [-3.79, -20.51]
4.057750e+09 [-4.30, -166.76] [-4.10, -165.76] [-3.90, -164.76]
4.147700e+09 [-4.30, 47.48] [-4.10, 48.48] [-3.90, 49.48]
4.237650e+09 [-4.36, -98.25] [-4.16, -97.25] [-3.96, -96.25]
4.327600e+09 [-4.46, 115.67] [-4.26, 116.67] [-4.06, 117.67]
4.417550e+09 [-4.42, -28.08] [-4.22, -27.08] [-4.02, -26.08]
4.507500e+09 [-4.48, -174.16] [-4.28, -173.16] [-4.08, -172.16]
4.597450e+09 [-4.49, 41.06] [-4.29, 42.06] [-4.09, 43.06]
4.687400e+09 [-4.64, -103.93] [-4.44, -102.93] [-4.24, -101.93]
4.777350e+09 [-4.75, 110.09] [-4.55, 111.09] [-4.35, 112.09]
4.867300e+09 [-4.74, -33.99] [-4.54, -32.99] [-4.34, -31.99]
4.957250e+09 [-4.81, -179.92] [-4.61, -178.92] [-4.41, -177.92]
5.047200e+09 [-4.74, 34.20] [-4.54, 35.20] [-4.34, 36.20]
5.137150e+09 [-4.85, -110.84] [-4.65, -109.84] [-4.45, -108.84]
5.227100e+09 [-4.89, 104.30] [-4.69, 105.30] [-4.49, 106.30]
5.317050e+09 [-4.93, -40.98] [-4.73, -39.98] [-4.53, -38.98]
5.407000e+09 [-4.93, 173.47] [-4.73, 174.47] [-4.53, 175.47]
5.496950e+09 [-4.97, 28.14] [-4.77, 29.14] [-4.57, 30.14]
5.586900e+09 [-5.12, -117.34] [-4.92, -116.34] [-4.72, -115.34]
5.676850e+09 [-5.07, 98.04] [-4.87, 99.04] [-4.67, 100.04]
5.766800e+09 [-5.16, -47.21] [-4.96, -46.21] [-4.76, -45.21]
5.856750e+09 [-5.14, 166.78] [-4.94, 167.78] [-4.74, 168.78]
5.946700e+09 [-5.40, 21.96] [-5.20, 22.96] [-5.00, 23.96]
6.036650e+09 [-5.36, -124.00] [-5.16, -123.00] [-4.96, -122.00]
6.126600e+09 [-5.32, 90.97] [-5.12, 91.97] [-4.92, 92.97]
6.216550e+09 [-5.35, -54.79] [-5.15, -53.79] [-4.95, -52.79]
6.306500e+09 [-5.40, 159.65] [-5.20, 160.65] [-5.00, 161.65]
6.396450e+09 [-5.48, 14.81] [-5.28, 15.81] [-5.08, 16.81]
6.486400e+09 [-5.61, -130.62] [-5.41, -129.62] [-5.21, -128.62]
6.576350e+09 [-5.57, 83.58] [-5.37, 84.58] [-5.17, 85.58]
6.666300e+09 [-5.65, -62.19] [-5.45, -61.19] [-5.25, -60.19]
6.756250e+09 [-5.67, 152.59] [-5.47, 153.59] [-5.27, 154.59]
6.846200e+09 [-5.90, 8.23] [-5.70, 9.23] [-5.50, 10.23]
6.936150e+09 [-5.82, -137.94] [-5.62, -136.94] [-5.42, -135.94]
7.026100e+09 [-5.84, 76.48] [-5.64, 77.48] [-5.44, 78.48]
7.116050e+09 [-5.99, -69.35] [-5.79, -68.35] [-5.59, -67.35]
7.206000e+09 [-6.19, 144.93] [-5.99, 145.93] [-5.79, 146.93]
7.295950e+09 [-6.14, 0.92] [-5.94, 1.92] [-5.74, 2.92]
7.385900e+09 [-6.18, -144.42] [-5.98, -143.42] [-5.78, -142.42]
7.475850e+09 [-6.35, 70.18] [-6.15, 71.18] [-5.95, 72.18]
7.565800e+09 [-6.76, -75.02] [-6.56, -74.02] [-6.36, -73.02]
7.655750e+09 [-6.42, 140.10] [-6.22, 141.10] [-6.02, 142.10]
7.745700e+09 [-6.39, -4.02] [-6.19, -3.02] [-5.99, -2.02]
7.835650e+09 [-6.39, -149.47] [-6.19, -148.47] [-5.99, -147.47]
7.925600e+09 [-6.70, 65.69] [-6.50, 66.69] [-6.30, 67.69]
8.015550e+09 [-6.65, -82.31] [-6.45, -81.31] [-6.25, -80.31]
8.105500e+09 [-6.39, 137.33] [-6.19, 138.33] [-5.99, 139.33]
8.195450e+09 [-6.39, -10.38] [-6.19, -9.38] [-5.99, -8.38]
8.285400e+09 [-6.54, -156.34] [-6.34, -155.34] [-6.14, -154.34]
8.375350e+09 [-6.76, 55.93] [-6.56, 56.93] [-6.36, 57.93]
8.465300e+09 [-6.52, -85.66] [-6.32, -84.66] [-6.12, -83.66]
8.555250e+09 [-6.47, 127.69] [-6.27, 128.69] [-6.07, 129.69]
8.645200e+09 [-6.62, -20.82] [-6.42, -19.82] [-6.22, -18.82]
8.735150e+09 [-6.87, -168.07] [-6.67, -167.07] [-6.47, -166.07]
8.825100e+09 [-7.11, 53.45] [-6.91, 54.45] [-6.71, 55.45]
8.915050e+09 [-7.30, -95.47] [-7.10, -94.47] [-6.90, -93.47]
9.005000e+09 [-7.26, 121.52] [-7.06, 122.52] [-6.86, 123.52]
9.094950e+09 [-7.03, -28.99] [-6.83, -27.99] [-6.63, -26.99]
9.184900e+09 [-7.37, -166.80] [-7.17, -165.80] [-6.97, -164.80]
9.274850e+09 [-8.53, 47.11] [-8.33, 48.11] [-8.13, 49.11]
9.364800e+09 [-6.98, -99.01] [-6.78, -98.01] [-6.58, -97.01]
9.454750e+09 [-7.15, 110.01] [-6.95, 111.01] [-6.75, 112.01]
9.544700e+09 [-7.04, -30.87] [-6.84, -29.87] [-6.64, -28.87]
9.634650e+09 [-7.50, -172.98] [-7.30, -171.98] [-7.10, -170.98]
9.724600e+09 [-6.93, 39.13] [-6.73, 40.13] [-6.53, 41.13]
9.814550e+09 [-6.99, -110.77] [-6.79, -109.77] [-6.59, -108.77]
9.904500e+09 [-7.74, 103.28] [-7.54, 104.28] [-7.34, 105.28]
9.994450e+09 [-7.98, -42.58] [-7.78, -41.58] [-7.58, -40.58]
1.008440e+10 [-7.28, 177.38] [-7.08, 178.38] [-6.88, 179.38]
1.017435e+10 [-7.27, 28.89] [-7.07, 29.89] [-6.87, 30.89]
1.026430e+10 [-8.48, -114.85] [-8.28, -113.85] [-8.08, -112.85]
1.035425e+10 [-9.20, 95.79] [-9.00, 96.79] [-8.80, 97.79]
1.044420e+10 [-7.47, -43.99] [-7.27, -42.99] [-7.07, -41.99]
1.053415e+10 [-7.49, 170.05] [-7.29, 171.05] [-7.09, 172.05]
1.062410e+10 [-7.76, 24.28] [-7.56, 25.28] [-7.36, 26.28]
1.071405e+10 [-8.37, -120.73] [-8.17, -119.73] [-7.97, -118.73]
1.080400e+10 [-8.07, 94.67] [-7.87, 95.67] [-7.67, 96.67]
1.089395e+10 [-7.73, -50.90] [-7.53, -49.90] [-7.33, -48.90]
1.098390e+10 [-7.82, 160.99] [-7.62, 161.99] [-7.42, 162.99]
1.107385e+10 [-8.14, 13.90] [-7.94, 14.90] [-7.74, 15.90]
1.116380e+10 [-8.26, -127.00] [-8.06, -126.00] [-7.86, -125.00]
1.125375e+10 [-8.49, 86.27] [-8.29, 87.27] [-8.09, 88.27]
1.134370e+10 [-8.43, -60.66] [-8.23, -59.66] [-8.03, -58.66]
1.143365e+10 [-8.32, 154.43] [-8.12, 155.43] [-7.92, 156.43]
1.152360e+10 [-8.11, 12.28] [-7.91, 13.28] [-7.71, 14.28]
1.161355e+10 [-8.29, -133.06] [-8.09, -132.06] [-7.89, -131.06]
1.170350e+10 [-8.08, 79.05] [-7.88, 80.05] [-7.68, 81.05]
1.179345e+10 [-8.31, -69.67] [-8.11, -68.67] [-7.91, -67.67]
1.188340e+10 [-7.97, 151.45] [-7.77, 152.45] [-7.57, 153.45]
1.197335e+10 [-7.91, 2.87] [-7.71, 3.87] [-7.51, 4.87]
1.206330e+10 [-7.94, -142.86] [-7.74, -141.86] [-7.54, -140.86]
1.215325e+10 [-7.87, 70.63] [-7.67, 71.63] [-7.47, 72.63]
1.224320e+10 [-8.40, -74.35] [-8.20, -73.35] [-8.00, -72.35]
1.233315e+10 [-8.03, 139.38] [-7.83, 140.38] [-7.63, 141.38]
1.242310e+10 [-7.94, -8.66] [-7.74, -7.66] [-7.54, -6.66]
1.251305e+10 [-8.35, -154.32] [-8.15, -153.32] [-7.95, -152.32]
1.260300e+10 [-8.59, 60.70] [-8.39, 61.70] [-8.19, 62.70]
1.269295e+10 [-8.21, -84.65] [-8.01, -83.65] [-7.81, -82.65]
1.278290e+10 [-8.42, 129.32] [-8.22, 130.32] [-8.02, 131.32]
1.287285e+10 [-8.49, -16.47] [-8.29, -15.47] [-8.09, -14.47]
1.296280e+10 [-8.22, -162.45] [-8.02, -161.45] [-7.82, -160.45]
1.305275e+10 [-8.26, 50.43] [-8.06, 51.43] [-7.86, 52.43]
1.314270e+10 [-8.44, -94.37] [-8.24, -93.37] [-8.04, -92.37]
1.323265e+10 [-8.50, 118.29] [-8.30, 119.29] [-8.10, 120.29]
1.332260e+10 [-8.55, -27.87] [-8.35, -26.87] [-8.15, -25.87]
1.341255e+10 [-8.70, -172.95] [-8.50, -171.95] [-8.30, -170.95]
1.350250e+10 [-8.90, 40.30] [-8.70, 41.30] [-8.50, 42.30]
1.359245e+10 [-8.93, -106.94] [-8.73, -105.94] [-8.53, -104.94]
1.368240e+10 [-8.75, 108.88] [-8.55, 109.88] [-8.35, 110.88]
1.377235e+10 [-8.84, -34.49] [-8.64, -33.49] [-8.44, -32.49]
1.386230e+10 [-9.15, 177.66] [-8.95, 178.66] [-8.75, 179.66]
1.395225e+10 [-9.14, 30.94] [-8.94, 31.94] [-8.74, 32.94]
1.404220e+10 [-8.79, -115.98] [-8.59, -114.98] [-8.39, -113.98]
1.413215e+10 [-8.97, 100.64] [-8.77, 101.64] [-8.57, 102.64]
1.422210e+10 [-9.17, -45.74] [-8.97, -44.74] [-8.77, -43.74]
1.431205e+10 [-9.01, 165.50] [-8.81, 166.50] [-8.61, 167.50]
1.440200e+10 [-9.13, 16.88] [-8.93, 17.88] [-8.73, 18.88]
1.449195e+10 [-9.21, -126.34] [-9.01, -125.34] [-8.81, -124.34]
1.458190e+10 [-9.53, 87.44] [-9.33, 88.44] [-9.13, 89.44]
1.467185e+10 [-9.21, -60.64] [-9.01, -59.64] [-8.81, -58.64]
1.476180e+10 [-9.83, 153.16] [-9.63, 154.16] [-9.43, 155.16]
1.485175e+10 [-10.39, 10.19] [-10.19, 11.19] [-9.99, 12.19]
1.494170e+10 [-9.69, -138.19] [-9.49, -137.19] [-9.29, -136.19]
1.503165e+10 [-10.02, 76.89] [-9.82, 77.89] [-9.62, 78.89]
1.512160e+10 [-9.82, -70.87] [-9.62, -69.87] [-9.42, -68.87]
1.521155e+10 [-10.28, 139.07] [-10.08, 140.07] [-9.88, 141.07]
1.530150e+10 [-10.63, -6.07] [-10.43, -5.07] [-10.23, -4.07]
1.539145e+10 [-10.35, -144.06] [-10.15, -143.06] [-9.95, -142.06]
1.548140e+10 [-10.49, 62.82] [-10.29, 63.82] [-10.09, 64.82]
1.557135e+10 [-13.04, -84.71] [-12.84, -83.71] [-12.64, -82.71]
1.566130e+10 [-11.19, 130.43] [-10.99, 131.43] [-10.79, 132.43]
1.575125e+10 [-10.96, -6.32] [-10.76, -5.32] [-10.56, -4.32]
1.584120e+10 [-11.41, -158.40] [-11.21, -157.40] [-11.01, -156.40]
1.593115e+10 [-12.12, 59.38] [-11.92, 60.38] [-11.72, 61.38]
1.602110e+10 [-11.03, -94.60] [-10.83, -93.60] [-10.63, -92.60]
1.611105e+10 [-11.01, 133.31] [-10.81, 134.31] [-10.61, 135.31]
1.620100e+10 [-10.75, -18.46] [-10.55, -17.46] [-10.35, -16.46]
1.629095e+10 [-11.23, -167.94] [-11.03, -166.94] [-10.83, -165.94]
1.638090e+10 [-10.95, 39.76] [-10.75, 40.76] [-10.55, 41.76]
1.647085e+10 [-10.89, -96.58] [-10.69, -95.58] [-10.49, -94.58]
1.656080e+10 [-11.17, 110.75] [-10.97, 111.75] [-10.77, 112.75]
1.665075e+10 [-10.74, -34.58] [-10.54, -33.58] [-10.34, -32.58]
1.674070e+10 [-11.09, 168.75] [-10.89, 169.75] [-10.69, 170.75]
1.683065e+10 [-11.68, 37.16] [-11.48, 38.16] [-11.28, 39.16]
1.692060e+10 [-11.35, -115.84] [-11.15, -114.84] [-10.95, -113.84]
1.701055e+10 [-11.65, 94.39] [-11.45, 95.39] [-11.25, 96.39]
1.710050e+10 [-11.77, -56.61] [-11.57, -55.61] [-11.37, -54.61]
1.719045e+10 [-11.52, 160.64] [-11.32, 161.64] [-11.12, 162.64]
1.728040e+10 [-12.99, 6.14] [-12.79, 7.14] [-12.59, 8.14]
1.737035e+10 [-12.06, -126.55] [-11.86, -125.55] [-11.66, -124.55]
1.746030e+10 [-12.33, 67.56] [-12.13, 68.56] [-11.93, 69.56]
1.755025e+10 [-14.98, -66.93] [-14.78, -65.93] [-14.58, -64.93]
1.764020e+10 [-14.56, 151.88] [-14.36, 152.88] [-14.16, 153.88]
1.773015e+10 [-12.87, -2.43] [-12.67, -1.43] [-12.47, -0.43]
1.782010e+10 [-16.65, -153.11] [-16.45, -152.11] [-16.25, -151.11]
1.791005e+10 [-14.42, 87.21] [-14.22, 88.21] [-14.02, 89.21]
1.800000e+10 [-13.85, -77.22] [-13.65, -76.22] [-13.45, -75.22]
