FUNIT: Hz
UNIT: dB
1.000000e+07 [-0.27, -71.04] [-0.07, -70.04] [0.13, -69.04]
9.995000e+07 [-0.96, 11.11] [-0.76, 12.11] [-0.56, 13.11]
1.899000e+08 [-1.18, 96.87] [-0.98, 97.87] [-0.78, 98.87]
2.798500e+08 [-1.40, -177.38] [-1.20, -176.38] [-1.00, -175.38]
3.698000e+08 [-1.56, -91.25] [-1.36, -90.25] [-1.16, -89.25]
4.597500e+08 [-1.72, -5.07] [-1.52, -4.07] [-1.32, -3.07]
5.497000e+08 [-1.88, 81.24] [-1.68, 82.24] [-1.48, 83.24]
6.396500e+08 [-2.03, 167.73] [-1.83, 168.73] [-1.63, 169.73]
7.296000e+08 [-2.15, -105.80] [-1.95, -104.80] [-1.75, -103.80]
8.195500e+08 [-2.29, -19.12] [-2.09, -18.12] [-1.89, -17.12]
9.095000e+08 [-2.42, 67.23] [-2.22, 68.23] [-2.02, 69.23]
9.994500e+08 [-2.53, 153.92] [-2.33, 154.92] [-2.13, 155.92]
1.089400e+09 [-2.66, -119.28] [-2.46, -118.28] [-2.26, -117.28]
1.179350e+09 [-2.78, -32.71] [-2.58, -31.71] [-2.38, -30.71]
1.269300e+09 [-2.86, 54.07] [-2.66, 55.07] [-2.46, 56.07]
1.359250e+09 [-3.01, 140.93] [-2.81, 141.93] [-2.61, 142.93]
1.449200e+09 [-3.09, -132.55] [-2.89, -131.55] [-2.69, -130.55]
1.539150e+09 [-3.17, -45.47] [-2.97, -44.47] [-2.77, -43.47]
1.629100e+09 [-3.28, 41.33] [-3.08, 42.33] [-2.88, 43.33]
1.719050e+09 [-3.39, 127.99] [-3.19, 128.99] [-2.99, 129.99]
1.809000e+09 [-3.45, -144.88] [-3.25, -143.88] [-3.05, -142.88]
1.898950e+09 [-3.59, -57.89] [-3.39, -56.89] [-3.19, -55.89]
1.988900e+09 [-3.65, 28.51] [-3.45, 29.51] [-3.25, 30.51]
2.078850e+09 [-3.71, 115.67] [-3.51, 116.67] [-3.31, 117.67]
2.168800e+09 [-3.84, -157.39] [-3.64, -156.39] [-3.44, -155.39]
2.258750e+09 [-3.91, -70.70] [-3.71, -69.70] [-3.51, -68.70]
2.348700e+09 [-3.98, 16.43] [-3.78, 17.43] [-3.58, 18.43]
2.438650e+09 [-4.08, 103.23] [-3.88, 104.23] [-3.68, 105.23]
2.528600e+09 [-4.14, -169.94] [-3.94, -168.94] [-3.74, -167.94]
2.618550e+09 [-4.24, -82.39] [-4.04, -81.39] [-3.84, -80.39]
2.708500e+09 [-4.36, 3.87] [-4.16, 4.87] [-3.96, 5.87]
2.798450e+09 [-4.39, 90.75] [-4.19, 91.75] [-3.99, 92.75]
2.888400e+09 [-4.52, 177.83] [-4.32, 178.83] [-4.12, 179.83]
2.978350e+09 [-4.62, -95.46] [-4.42, -94.46] [-4.22, -93.46]
3.068300e+09 [-4.65, -8.38] [-4.45, -7.38] [-4.25, -6.38]
3.158250e+09 [-4.80, 78.95] [-4.60, 79.95] [-4.40, 80.95]
3.248200e+09 [-4.89, 165.49] [-4.69, 166.49] [-4.49, 167.49]
3.338150e+09 [-4.91, -107.45] [-4.71, -106.45] [-4.51, -105.45]
3.428100e+09 [-4.99, -20.24] [-4.79, -19.24] [-4.59, -18.24]
3.518050e+09 [-5.11, 66.55] [-4.91, 67.55] [-4.71, 68.55]
3.608000e+09 [-5.14, 153.53] [-4.94, 154.53] [-4.74, 155.53]
3.697950e+09 [-5.24, -119.27] [-5.04, -118.27] [-4.84, -117.27]
3.787900e+09 [-5.32, -32.72] [-5.12, -31.72] [-4.92, -30.72]
3.877850e+09 [-5.35, 54.34] [-5.15, 55.34] [-4.95, 56.34]
3.967800e+09 [-5.42, 141.22] [-5.22, 142.22] [-5.02, 143.22]
4.057750e+09 [-5.52, -131.73] [-5.32, -130.73] [-5.12, -129.73]
4.147700e+09 [-5.58, -45.04] [-5.38, -44.04] [-5.18, -43.04]
4.237650e+09 [-5.68, 41.89] [-5.48, 42.89] [-5.28, 43.89]
4.327600e+09 [-5.75, 128.65] [-5.55, 129.65] [-5.35, 130.65]
4.417550e+09 [-5.91, -144.42] [-5.71, -143.42] [-5.51, -142.42]
4.507500e+09 [-5.94, -57.96] [-5.74, -56.96] [-5.54, -55.96]
4.597450e+09 [-5.97, 29.43] [-5.77, 30.43] [-5.57, 31.43]
4.687400e+09 [-6.13, 117.45] [-5.93, 118.45] [-5.73, 119.45]
4.777350e+09 [-6.35, -156.39] [-6.15, -155.39] [-5.95, -154.39]
4.867300e+09 [-6.33, -70.45] [-6.13, -69.45] [-5.93, -68.45]
4.957250e+09 [-6.38, 17.61] [-6.18, 18.61] [-5.98, 19.61]
5.047200e+09 [-6.45, 105.03] [-6.25, 106.03] [-6.05, 107.03]
5.137150e+09 [-6.56, -168.07] [-6.36, -167.07] [-6.16, -166.07]
5.227100e+09 [-6.65, -81.57] [-6.45, -80.57] [-6.25, -79.57]
5.317050e+09 [-6.78, 5.29] [-6.58, 6.29] [-6.38, 7.29]
5.407000e+09 [-6.72, 92.13] [-6.52, 93.13] [-6.32, 94.13]
5.496950e+09 [-6.78, -180.17] [-6.58, -179.17] [-6.38, -178.17]
5.586900e+09 [-7.02, -92.70] [-6.82, -91.70] [-6.62, -90.70]
5.676850e+09 [-7.23, -7.31] [-7.03, -6.31] [-6.83, -5.31]
5.766800e+09 [-7.07, 79.23] [-6.87, 80.23] [-6.67, 81.23]
5.856750e+09 [-7.11, 167.75] [-6.91, 168.75] [-6.71, 169.75]
5.946700e+09 [-7.45, -104.52] [-7.25, -103.52] [-7.05, -102.52]
6.036650e+09 [-7.59, -18.92] [-7.39, -17.92] [-7.19, -16.92]
6.126600e+09 [-7.61, 67.43] [-7.41, 68.43] [-7.21, 69.43]
6.216550e+09 [-7.66, 155.32] [-7.46, 156.32] [-7.26, 157.32]
6.306500e+09 [-7.59, -116.95] [-7.39, -115.95] [-7.19, -114.95]
6.396450e+09 [-7.77, -29.09] [-7.57, -28.09] [-7.37, -27.09]
6.486400e+09 [-7.97, 57.87] [-7.77, 58.87] [-7.57, 59.87]
6.576350e+09 [-7.97, 143.20] [-7.77, 144.20] [-7.57, 145.20]
6.666300e+09 [-7.82, -129.48] [-7.62, -128.48] [-7.42, -127.48]
6.756250e+09 [-7.86, -41.81] [-7.66, -40.81] [-7.46, -39.81]
6.846200e+09 [-7.98, 45.08] [-7.78, 46.08] [-7.58, 47.08]
6.936150e+09 [-8.02, 131.12] [-7.82, 132.12] [-7.62, 133.12]
7.026100e+09 [-8.09, -142.18] [-7.89, -141.18] [-7.69, -140.18]
7.116050e+09 [-8.19, -55.80] [-7.99, -54.80] [-7.79, -53.80]
7.206000e+09 [-8.30, 30.88] [-8.10, 31.88] [-7.90, 32.88]
7.295950e+09 [-8.40, 116.82] [-8.20, 117.82] [-8.00, 118.82]
7.385900e+09 [-8.39, -156.08] [-8.19, -155.08] [-7.99, -154.08]
7.475850e+09 [-8.54, -68.90] [-8.34, -67.90] [-8.14, -66.90]
7.565800e+09 [-8.84, 17.98] [-8.64, 18.98] [-8.44, 19.98]
7.655750e+09 [-8.95, 104.36] [-8.75, 105.36] [-8.55, 106.36]
7.745700e+09 [-9.09, -169.26] [-8.89, -168.26] [-8.69, -167.26]
7.835650e+09 [-9.11, -81.99] [-8.91, -80.99] [-8.71, -79.99]
7.925600e+09 [-9.16, 5.38] [-8.96, 6.38] [-8.76, 7.38]
8.015550e+09 [-9.33, 93.00] [-9.13, 94.00] [-8.93, 95.00]
8.105500e+09 [-9.57, -180.29] [-9.37, -179.29] [-9.17, -178.29]
8.195450e+09 [-9.49, -94.07] [-9.29, -93.07] [-9.09, -92.07]
8.285400e+09 [-9.52, -7.54] [-9.32, -6.54] [-9.12, -5.54]
8.375350e+09 [-9.60, 79.87] [-9.40, 80.87] [-9.20, 81.87]
8.465300e+09 [-9.67, 166.06] [-9.47, 167.06] [-9.27, 168.06]
8.555250e+09 [-9.69, -105.68] [-9.49, -104.68] [-9.29, -103.68]
8.645200e+09 [-9.79, -19.80] [-9.59, -18.80] [-9.39, -17.80]
8.735150e+09 [-9.85, 66.28] [-9.65, 67.28] [-9.45, 68.28]
8.825100e+09 [-9.90, 152.33] [-9.70, 153.33] [-9.50, 154.33]
8.915050e+09 [-9.97, -120.92] [-9.77, -119.92] [-9.57, -118.92]
9.005000e+09 [-10.05, -34.44] [-9.85, -33.44] [-9.65, -32.44]
9.094950e+09 [-10.18, 51.85] [-9.98, 52.85] [-9.78, 53.85]
9.184900e+09 [-10.31, 137.70] [-10.11, 138.70] [-9.91, 139.70]
9.274850e+09 [-10.42, -136.07] [-10.22, -135.07] [-10.02, -134.07]
9.364800e+09 [-10.54, -49.53] [-10.34, -48.53] [-10.14, -47.53]
9.454750e+09 [-10.73, 37.12] [-10.53, 38.12] [-10.33, 39.12]
9.544700e+09 [-10.97, 122.97] [-10.77, 123.97] [-10.57, 124.97]
9.634650e+09 [-11.11, -151.21] [-10.91, -150.21] [-10.71, -149.21]
9.724600e+09 [-11.17, -64.89] [-10.97, -63.89] [-10.77, -62.89]
9.814550e+09 [-11.31, 22.47] [-11.11, 23.47] [-10.91, 24.47]
9.904500e+09 [-11.61, 109.50] [-11.41, 110.50] [-11.21, 111.50]
9.994450e+09 [-11.88, -163.90] [-11.68, -162.90] [-11.48, -161.90]
1.008440e+10 [-11.93, -78.13] [-11.73, -77.13] [-11.53, -76.13]
1.017435e+10 [-11.97, 8.07] [-11.77, 9.07] [-11.57, 10.07]
1.026430e+10 [-12.03, 95.55] [-11.83, 96.55] [-11.63, 97.55]
1.035425e+10 [-12.27, -177.15] [-12.07, -176.15] [-11.87, -175.15]
1.044420e+10 [-12.45, -91.03] [-12.25, -90.03] [-12.05, -89.03]
1.053415e+10 [-12.50, -5.41] [-12.30, -4.41] [-12.10, -3.41]
1.062410e+10 [-12.60, 80.30] [-12.40, 81.30] [-12.20, 82.30]
1.071405e+10 [-12.70, 166.67] [-12.50, 167.67] [-12.30, 168.67]
1.080400e+10 [-12.90, -107.14] [-12.70, -106.14] [-12.50, -105.14]
1.089395e+10 [-13.07, -21.04] [-12.87, -20.04] [-12.67, -19.04]
1.098390e+10 [-13.28, 64.86] [-13.08, 65.86] [-12.88, 66.86]
1.107385e+10 [-13.55, 151.07] [-13.35, 152.07] [-13.15, 153.07]
1.116380e+10 [-13.88, -123.32] [-13.68, -122.32] [-13.48, -121.32]
1.125375e+10 [-14.06, -37.87] [-13.86, -36.87] [-13.66, -35.87]
1.134370e+10 [-14.27, 49.24] [-14.07, 50.24] [-13.87, 51.24]
1.143365e+10 [-14.52, 135.95] [-14.32, 136.95] [-14.12, 137.95]
1.152360e+10 [-14.86, -137.72] [-14.66, -136.72] [-14.46, -135.72]
1.161355e+10 [-15.18, -50.58] [-14.98, -49.58] [-14.78, -48.58]
1.170350e+10 [-15.55, 35.04] [-15.35, 36.04] [-15.15, 37.04]
1.179345e+10 [-15.57, 122.02] [-15.37, 123.02] [-15.17, 124.02]
1.188340e+10 [-15.79, -150.79] [-15.59, -149.79] [-15.39, -148.79]
1.197335e+10 [-16.10, -63.78] [-15.90, -62.78] [-15.70, -61.78]
1.206330e+10 [-16.43, 22.39] [-16.23, 23.39] [-16.03, 24.39]
1.215325e+10 [-16.54, 110.27] [-16.34, 111.27] [-16.14, 112.27]
1.224320e+10 [-16.65, -163.38] [-16.45, -162.38] [-16.25, -161.38]
1.233315e+10 [-16.73, -76.76] [-16.53, -75.76] [-16.33, -74.76]
1.242310e+10 [-16.75, 9.05] [-16.55, 10.05] [-16.35, 11.05]
1.251305e+10 [-16.95, 94.77] [-16.75, 95.77] [-16.55, 96.77]
1.260300e+10 [-17.15, -179.52] [-16.95, -178.52] [-16.75, -177.52]
1.269295e+10 [-17.33, -94.18] [-17.13, -93.18] [-16.93, -92.18]
1.278290e+10 [-17.61, -9.06] [-17.41, -8.06] [-17.21, -7.06]
1.287285e+10 [-17.94, 76.29] [-17.74, 77.29] [-17.54, 78.29]
1.296280e+10 [-18.40, 161.64] [-18.20, 162.64] [-18.00, 163.64]
1.305275e+10 [-18.75, -112.26] [-18.55, -111.26] [-18.35, -110.26]
1.314270e+10 [-19.03, -26.46] [-18.83, -25.46] [-18.63, -24.46]
1.323265e+10 [-19.48, 59.24] [-19.28, 60.24] [-19.08, 61.24]
1.332260e+10 [-19.93, 144.85] [-19.73, 145.85] [-19.53, 146.85]
1.341255e+10 [-20.67, -130.85] [-20.47, -129.85] [-20.27, -128.85]
1.350250e+10 [-23.40, -30.65] [-23.20, -29.65] [-23.00, -28.65]
1.359245e+10 [-20.80, 53.77] [-20.60, 54.77] [-20.40, 55.77]
1.368240e+10 [-21.02, 138.11] [-20.82, 139.11] [-20.62, 140.11]
1.377235e+10 [-21.45, -136.06] [-21.25, -135.06] [-21.05, -134.06]
1.386230e+10 [-21.86, -49.67] [-21.66, -48.67] [-21.46, -47.67]
1.395225e+10 [-22.05, 37.00] [-21.85, 38.00] [-21.65, 39.00]
1.404220e+10 [-22.21, 123.38] [-22.01, 124.38] [-21.81, 125.38]
1.413215e+10 [-22.54, -150.84] [-22.34, -149.84] [-22.14, -148.84]
1.422210e+10 [-22.85, -64.58] [-22.65, -63.58] [-22.45, -62.58]
1.431205e+10 [-23.17, 22.51] [-22.97, 23.51] [-22.77, 24.51]
1.440200e+10 [-23.47, 109.08] [-23.27, 110.08] [-23.07, 111.08]
1.449195e+10 [-23.62, -164.93] [-23.42, -163.93] [-23.22, -162.93]
1.458190e+10 [-23.88, -78.72] [-23.68, -77.72] [-23.48, -76.72]
1.467185e+10 [-24.29, 6.77] [-24.09, 7.77] [-23.89, 8.77]
1.476180e+10 [-24.63, 92.61] [-24.43, 93.61] [-24.23, 94.61]
1.485175e+10 [-25.03, -180.66] [-24.83, -179.66] [-24.63, -178.66]
1.494170e+10 [-25.28, -93.92] [-25.08, -92.92] [-24.88, -91.92]
1.503165e+10 [-25.67, -8.06] [-25.47, -7.06] [-25.27, -6.06]
1.512160e+10 [-26.01, 77.55] [-25.81, 78.55] [-25.61, 79.55]
1.521155e+10 [-26.42, 163.28] [-26.22, 164.28] [-26.02, 165.28]
1.530150e+10 [-26.78, -109.28] [-26.58, -108.28] [-26.38, -107.28]
1.539145e+10 [-27.17, -22.90] [-26.97, -21.90] [-26.77, -20.90]
1.548140e+10 [-27.60, 63.56] [-27.40, 64.56] [-27.20, 65.56]
1.557135e+10 [-27.97, 149.21] [-27.77, 150.21] [-27.57, 151.21]
1.566130e+10 [-28.51, -124.17] [-28.31, -123.17] [-28.11, -122.17]
1.575125e+10 [-28.87, -37.19] [-28.67, -36.19] [-28.47, -35.19]
1.584120e+10 [-29.23, 50.02] [-29.03, 51.02] [-28.83, 52.02]
1.593115e+10 [-29.56, 135.96] [-29.36, 136.96] [-29.16, 137.96]
1.602110e+10 [-29.95, -137.93] [-29.75, -136.93] [-29.55, -135.93]
1.611105e+10 [-30.34, -51.14] [-30.14, -50.14] [-29.94, -49.14]
1.620100e+10 [-30.80, 35.44] [-30.60, 36.44] [-30.40, 37.44]
1.629095e+10 [-31.12, 121.66] [-30.92, 122.66] [-30.72, 123.66]
1.638090e+10 [-31.44, -152.19] [-31.24, -151.19] [-31.04, -150.19]
1.647085e+10 [-31.88, -65.51] [-31.68, -64.51] [-31.48, -63.51]
1.656080e+10 [-32.33, 20.51] [-32.13, 21.51] [-31.93, 22.51]
1.665075e+10 [-32.79, 107.29] [-32.59, 108.29] [-32.39, 109.29]
1.674070e+10 [-33.07, -166.77] [-32.87, -165.77] [-32.67, -164.77]
1.683065e+10 [-33.45, -81.36] [-33.25, -80.36] [-33.05, -79.36]
1.692060e+10 [-33.96, 5.25] [-33.76, 6.25] [-33.56, 7.25]
1.701055e+10 [-34.53, 91.01] [-34.33, 92.01] [-34.13, 93.01]
1.710050e+10 [-35.05, 176.21] [-34.85, 177.21] [-34.65, 178.21]
1.719045e+10 [-35.57, -96.82] [-35.37, -95.82] [-35.17, -94.82]
1.728040e+10 [-36.08, -10.51] [-35.88, -9.51] [-35.68, -8.51]
1.737035e+10 [-36.70, 76.07] [-36.50, 77.07] [-36.30, 78.07]
1.746030e+10 [-37.32, 162.63] [-37.12, 163.63] [-36.92, 164.63]
1.755025e+10 [-37.83, -111.27] [-37.63, -110.27] [-37.43, -109.27]
1.764020e+10 [-38.37, -24.76] [-38.17, -23.76] [-37.97, -22.76]
1.773015e+10 [-39.01, 61.91] [-38.81, 62.91] [-38.61, 63.91]
1.782010e+10 [-39.75, 148.53] [-39.55, 149.53] [-39.35, 150.53]
1.791005e+10 [-40.39, -123.38] [-40.19, -122.38] [-39.99, -121.38]
1.800000e+10 [-40.86, -35.14] [-40.66, -34.14] [-40.46, -33.14]
