FUNIT: Hz
UNIT: dB
1.000000e+07 [-0.42, -76.26] [-0.22, -75.26] [-0.02, -74.26]
1.038189e+07 [-0.25, -78.45] [-0.05, -77.45] [0.15, -76.45]
1.077836e+07 [-0.17, -82.33] [0.03, -81.33] [0.23, -80.33]
1.118997e+07 [-0.27, -85.95] [-0.07, -84.95] [0.13, -83.95]
1.161731e+07 [-0.44, -87.37] [-0.24, -86.37] [-0.04, -85.37]
1.206096e+07 [-0.33, -91.18] [-0.13, -90.18] [0.07, -89.18]
1.252155e+07 [-0.24, -94.94] [-0.04, -93.94] [0.16, -92.94]
1.299974e+07 [-0.48, -98.85] [-0.28, -97.85] [-0.08, -96.85]
1.349618e+07 [-0.37, -101.77] [-0.17, -100.77] [0.03, -99.77]
1.401158e+07 [-0.36, -106.74] [-0.16, -105.74] [0.04, -104.74]
1.454667e+07 [-0.38, -110.41] [-0.18, -109.41] [0.02, -108.41]
1.510219e+07 [-0.22, -114.06] [-0.02, -113.06] [0.18, -112.06]
1.567893e+07 [-0.20, -118.80] [-0.00, -117.80] [0.20, -116.80]
1.627769e+07 [-0.42, -123.86] [-0.22, -122.86] [-0.02, -121.86]
1.689931e+07 [-0.41, -128.78] [-0.21, -127.78] [-0.01, -126.78]
1.754468e+07 [-0.40, -131.58] [-0.20, -130.58] [-0.00, -129.58]
1.821469e+07 [-0.37, -138.01] [-0.17, -137.01] [0.03, -136.01]
1.891029e+07 [-0.40, -143.32] [-0.20, -142.32] [0.00, -141.32]
1.963245e+07 [-0.45, -148.47] [-0.25, -147.47] [-0.05, -146.47]
2.038219e+07 [-0.52, -154.22] [-0.32, -153.22] [-0.12, -152.22]
2.116056e+07 [-0.40, -159.61] [-0.20, -158.61] [0.00, -157.61]
2.196866e+07 [-0.36, -165.91] [-0.16, -164.91] [0.04, -163.91]
2.280762e+07 [-0.42, -171.85] [-0.22, -170.85] [-0.02, -169.85]
2.367862e+07 [-0.45, -178.78] [-0.25, -177.78] [-0.05, -176.78]
2.458288e+07 [-0.48, 174.96] [-0.28, 175.96] [-0.08, 176.96]
2.552167e+07 [-0.36, 168.59] [-0.16, 169.59] [0.04, 170.59]
2.649631e+07 [-0.37, 160.06] [-0.17, 161.06] [0.03, 162.06]
2.750818e+07 [-0.41, 152.79] [-0.21, 153.79] [-0.01, 154.79]
2.855868e+07 [-0.46, 145.13] [-0.26, 146.13] [-0.06, 147.13]
2.964930e+07 [-0.54, 137.05] [-0.34, 138.05] [-0.14, 139.05]
3.078158e+07 [-0.43, 128.06] [-0.23, 129.06] [-0.03, 130.06]
3.195709e+07 [-0.51, 119.70] [-0.31, 120.70] [-0.11, 121.70]
3.317750e+07 [-0.46, 110.90] [-0.26, 111.90] [-0.06, 112.90]
3.444451e+07 [-0.42, 100.75] [-0.22, 101.75] [-0.02, 102.75]
3.575990e+07 [-0.38, 91.10] [-0.18, 92.10] [0.02, 93.10]
3.712553e+07 [-0.49, 81.05] [-0.29, 82.05] [-0.09, 83.05]
3.854331e+07 [-0.49, 70.33] [-0.29, 71.33] [-0.09, 72.33]
4.001524e+07 [-0.54, 59.44] [-0.34, 60.44] [-0.14, 61.44]
4.154338e+07 [-0.46, 47.72] [-0.26, 48.72] [-0.06, 49.72]
4.312987e+07 [-0.51, 36.23] [-0.31, 37.23] [-0.11, 38.23]
4.477695e+07 [-0.49, 23.83] [-0.29, 24.83] [-0.09, 25.83]
4.648693e+07 [-0.50, 10.95] [-0.30, 11.95] [-0.10, 12.95]
4.826221e+07 [-0.45, -2.25] [-0.25, -1.25] [-0.05, -0.25]
5.010529e+07 [-0.56, -15.69] [-0.36, -14.69] [-0.16, -13.69]
5.201875e+07 [-0.55, -30.22] [-0.35, -29.22] [-0.15, -28.22]
5.400529e+07 [-0.56, -45.01] [-0.36, -44.01] [-0.16, -43.01]
5.606769e+07 [-0.53, -60.37] [-0.33, -59.37] [-0.13, -58.37]
5.820885e+07 [-0.54, -76.19] [-0.34, -75.19] [-0.14, -74.19]
6.043178e+07 [-0.56, -92.69] [-0.36, -91.69] [-0.16, -90.69]
6.273960e+07 [-0.55, -110.20] [-0.35, -109.20] [-0.15, -108.20]
6.513556e+07 [-0.58, -128.00] [-0.38, -127.00] [-0.18, -126.00]
6.762301e+07 [-0.58, -146.56] [-0.38, -145.56] [-0.18, -144.56]
7.020545e+07 [-0.59, -165.72] [-0.39, -164.72] [-0.19, -163.72]
7.288652e+07 [-0.58, 174.31] [-0.38, 175.31] [-0.18, 176.31]
7.566997e+07 [-0.61, 153.52] [-0.41, 154.52] [-0.21, 155.52]
7.855972e+07 [-0.62, 131.90] [-0.42, 132.90] [-0.22, 133.90]
8.155983e+07 [-0.61, 109.45] [-0.41, 110.45] [-0.21, 111.45]
8.467450e+07 [-0.64, 86.19] [-0.44, 87.19] [-0.24, 88.19]
8.790813e+07 [-0.62, 62.08] [-0.42, 63.08] [-0.22, 64.08]
9.126524e+07 [-0.62, 37.12] [-0.42, 38.12] [-0.22, 39.12]
9.475055e+07 [-0.67, 11.32] [-0.47, 12.32] [-0.27, 13.32]
9.836897e+07 [-0.66, -15.81] [-0.46, -14.81] [-0.26, -13.81]
1.021256e+08 [-0.67, -43.76] [-0.47, -42.76] [-0.27, -41.76]
1.060256e+08 [-0.69, -72.68] [-0.49, -71.68] [-0.29, -70.68]
1.100746e+08 [-0.69, -103.02] [-0.49, -102.02] [-0.29, -101.02]
1.142782e+08 [-0.72, -134.39] [-0.52, -133.39] [-0.32, -132.39]
1.186424e+08 [-0.69, -166.92] [-0.49, -165.92] [-0.29, -164.92]
1.231732e+08 [-0.72, 159.37] [-0.52, 160.37] [-0.32, 161.37]
1.278771e+08 [-0.74, 124.36] [-0.54, 125.36] [-0.34, 126.36]
1.327605e+08 [-0.75, 87.87] [-0.55, 88.87] [-0.35, 89.87]
1.378305e+08 [-0.73, 50.21] [-0.53, 51.21] [-0.33, 52.21]
1.430941e+08 [-0.77, 10.86] [-0.57, 11.86] [-0.37, 12.86]
1.485587e+08 [-0.76, -29.80] [-0.56, -28.80] [-0.36, -27.80]
1.542320e+08 [-0.77, -72.19] [-0.57, -71.19] [-0.37, -70.19]
1.601219e+08 [-0.79, -116.00] [-0.59, -115.00] [-0.39, -114.00]
1.662368e+08 [-0.80, -161.47] [-0.60, -160.47] [-0.40, -159.47]
1.725852e+08 [-0.81, 151.18] [-0.61, 152.18] [-0.41, 153.18]
1.791760e+08 [-0.83, 102.04] [-0.63, 103.04] [-0.43, 104.04]
1.860186e+08 [-0.85, 51.15] [-0.65, 52.15] [-0.45, 53.15]
1.931224e+08 [-0.86, -1.84] [-0.66, -0.84] [-0.46, 0.16]
2.004975e+08 [-0.88, -56.79] [-0.68, -55.79] [-0.48, -54.79]
2.081543e+08 [-0.89, -113.73] [-0.69, -112.73] [-0.49, -111.73]
2.161035e+08 [-0.90, -172.97] [-0.70, -171.97] [-0.50, -170.97]
2.243562e+08 [-0.91, 125.63] [-0.71, 126.63] [-0.51, 127.63]
2.329241e+08 [-0.93, 61.80] [-0.73, 62.80] [-0.53, 63.80]
2.418192e+08 [-0.94, -4.47] [-0.74, -3.47] [-0.54, -2.47]
2.510540e+08 [-0.97, -73.19] [-0.77, -72.19] [-0.57, -71.19]
2.606415e+08 [-0.98, -144.65] [-0.78, -143.65] [-0.58, -142.65]
2.705951e+08 [-1.00, 141.24] [-0.80, 142.24] [-0.60, 143.24]
2.809288e+08 [-1.02, 64.31] [-0.82, 65.31] [-0.62, 66.31]
2.916571e+08 [-1.04, -15.58] [-0.84, -14.58] [-0.64, -13.58]
3.027952e+08 [-1.06, -98.52] [-0.86, -97.52] [-0.66, -96.52]
3.143586e+08 [-1.07, 175.43] [-0.87, 176.43] [-0.67, 177.43]
3.263636e+08 [-1.08, 86.00] [-0.88, 87.00] [-0.68, 88.00]
3.388271e+08 [-1.09, -6.78] [-0.89, -5.78] [-0.69, -4.78]
3.517665e+08 [-1.13, -103.15] [-0.93, -102.15] [-0.73, -101.15]
3.652000e+08 [-1.14, 156.88] [-0.94, 157.88] [-0.74, 158.88]
3.791466e+08 [-1.16, 53.00] [-0.96, 54.00] [-0.76, 55.00]
3.936258e+08 [-1.18, -54.76] [-0.98, -53.76] [-0.78, -52.76]
4.086579e+08 [-1.20, -166.70] [-1.00, -165.70] [-0.80, -164.70]
4.242641e+08 [-1.23, 77.10] [-1.03, 78.10] [-0.83, 79.10]
4.404662e+08 [-1.25, -43.41] [-1.05, -42.41] [-0.85, -41.41]
4.572871e+08 [-1.26, -168.64] [-1.06, -167.64] [-0.86, -166.64]
4.747504e+08 [-1.29, 61.33] [-1.09, 62.33] [-0.89, 63.33]
4.928806e+08 [-1.31, -73.59] [-1.11, -72.59] [-0.91, -71.59]
5.117031e+08 [-1.33, 146.28] [-1.13, 147.28] [-0.93, 148.28]
5.312445e+08 [-1.35, 0.83] [-1.15, 1.83] [-0.95, 2.83]
5.515321e+08 [-1.38, -150.17] [-1.18, -149.17] [-0.98, -148.17]
5.725945e+08 [-1.40, 53.09] [-1.20, 54.09] [-1.00, 55.09]
5.944612e+08 [-1.43, -109.71] [-1.23, -108.71] [-1.03, -107.71]
6.171630e+08 [-1.44, 81.40] [-1.24, 82.40] [-1.04, 83.40]
6.407317e+08 [-1.47, -94.07] [-1.27, -93.07] [-1.07, -92.07]
6.652006e+08 [-1.50, 83.86] [-1.30, 84.86] [-1.10, 85.86]
6.906038e+08 [-1.52, -105.20] [-1.32, -104.20] [-1.12, -103.20]
7.169772e+08 [-1.55, 58.51] [-1.35, 59.51] [-1.15, 60.51]
7.443577e+08 [-1.57, -145.19] [-1.37, -144.19] [-1.17, -143.19]
7.727839e+08 [-1.61, 3.21] [-1.41, 4.21] [-1.21, 5.21]
8.022956e+08 [-1.63, 143.63] [-1.43, 144.63] [-1.23, 145.63]
8.329344e+08 [-1.66, -84.42] [-1.46, -83.42] [-1.26, -82.42]
8.647432e+08 [-1.69, 38.92] [-1.49, 39.92] [-1.29, 40.92]
8.977667e+08 [-1.72, 153.18] [-1.52, 154.18] [-1.32, 155.18]
9.320514e+08 [-1.75, -101.96] [-1.55, -100.96] [-1.35, -99.96]
9.676454e+08 [-1.78, -6.88] [-1.58, -5.88] [-1.38, -4.88]
1.004599e+09 [-1.81, 78.20] [-1.61, 79.20] [-1.41, 80.20]
1.042963e+09 [-1.84, 152.74] [-1.64, 153.74] [-1.44, 154.74]
1.082793e+09 [-1.87, -143.62] [-1.67, -142.62] [-1.47, -141.62]
1.124143e+09 [-1.90, -91.32] [-1.70, -90.32] [-1.50, -89.32]
1.167073e+09 [-1.93, -50.76] [-1.73, -49.76] [-1.53, -48.76]
1.211642e+09 [-1.97, -22.39] [-1.77, -21.39] [-1.57, -20.39]
1.257913e+09 [-2.00, -6.66] [-1.80, -5.66] [-1.60, -4.66]
1.305952e+09 [-2.04, -4.14] [-1.84, -3.14] [-1.64, -2.14]
1.355825e+09 [-2.08, -15.26] [-1.88, -14.26] [-1.68, -13.26]
1.407602e+09 [-2.11, -40.53] [-1.91, -39.53] [-1.71, -38.53]
1.461357e+09 [-2.14, -80.45] [-1.94, -79.45] [-1.74, -78.45]
1.517164e+09 [-2.18, -135.63] [-1.98, -134.63] [-1.78, -133.63]
1.575103e+09 [-2.22, 153.26] [-2.02, 154.26] [-1.82, 155.26]
1.635254e+09 [-2.26, 65.73] [-2.06, 66.73] [-1.86, 67.73]
1.697703e+09 [-2.29, -38.93] [-2.09, -37.93] [-1.89, -36.93]
1.762536e+09 [-2.35, -161.33] [-2.15, -160.33] [-1.95, -159.33]
1.829845e+09 [-2.39, 57.82] [-2.19, 58.82] [-1.99, 59.82]
1.899725e+09 [-2.45, -101.92] [-2.25, -100.92] [-2.05, -99.92]
1.972273e+09 [-2.49, 78.31] [-2.29, 79.31] [-2.09, 80.31]
2.047592e+09 [-2.52, -121.96] [-2.32, -120.96] [-2.12, -119.96]
2.125787e+09 [-2.57, 16.13] [-2.37, 17.13] [-2.17, 18.13]
2.206969e+09 [-2.64, 132.22] [-2.44, 133.22] [-2.24, 134.22]
2.291250e+09 [-2.69, -134.65] [-2.49, -133.65] [-2.29, -132.65]
2.378751e+09 [-2.71, -65.65] [-2.51, -64.65] [-2.31, -63.65]
2.469592e+09 [-2.76, -21.34] [-2.56, -20.34] [-2.36, -19.34]
2.563903e+09 [-2.81, -3.25] [-2.61, -2.25] [-2.41, -1.25]
2.661816e+09 [-2.90, -11.67] [-2.70, -10.67] [-2.50, -9.67]
2.763468e+09 [-2.93, -47.77] [-2.73, -46.77] [-2.53, -45.77]
2.869001e+09 [-2.99, -113.37] [-2.79, -112.37] [-2.59, -111.37]
2.978565e+09 [-3.06, 152.02] [-2.86, 153.02] [-2.66, 154.02]
3.092313e+09 [-3.12, 25.43] [-2.92, 26.43] [-2.72, 27.43]
3.210405e+09 [-3.18, -133.14] [-2.98, -132.14] [-2.78, -131.14]
3.333007e+09 [-3.32, 34.65] [-3.12, 35.65] [-2.92, 36.65]
3.460290e+09 [-3.44, 167.41] [-3.24, 168.41] [-3.04, 169.41]
3.592435e+09 [-3.67, -95.46] [-3.47, -94.46] [-3.27, -93.46]
3.729626e+09 [-3.79, -33.72] [-3.59, -32.72] [-3.39, -31.72]
3.872056e+09 [-3.67, -13.13] [-3.47, -12.13] [-3.27, -11.13]
4.019925e+09 [-3.62, -32.55] [-3.42, -31.55] [-3.22, -30.55]
4.173442e+09 [-3.61, -95.51] [-3.41, -94.51] [-3.21, -93.51]
4.332821e+09 [-3.75, 158.63] [-3.55, 159.63] [-3.35, 160.63]
4.498286e+09 [-3.71, 8.49] [-3.51, 9.49] [-3.31, 10.49]
4.670071e+09 [-3.82, 170.15] [-3.62, 171.15] [-3.42, 172.15]
4.848415e+09 [-3.97, -76.66] [-3.77, -75.66] [-3.57, -74.66]
5.033571e+09 [-3.92, -14.08] [-3.72, -13.08] [-3.52, -12.08]
5.225797e+09 [-4.21, -3.76] [-4.01, -2.76] [-3.81, -1.76]
5.425364e+09 [-4.19, -49.23] [-3.99, -48.23] [-3.79, -47.23]
5.632553e+09 [-4.21, -150.06] [-4.01, -149.06] [-3.81, -148.06]
5.847653e+09 [-4.29, 50.23] [-4.09, 51.23] [-3.89, 52.23]
6.070969e+09 [-4.39, -170.75] [-4.19, -169.75] [-3.99, -168.75]
6.302812e+09 [-4.50, -95.96] [-4.30, -94.96] [-4.10, -93.96]
6.543509e+09 [-4.58, -86.18] [-4.38, -85.18] [-4.18, -84.18]
6.793398e+09 [-4.62, -144.97] [-4.42, -143.97] [-4.22, -142.97]
7.052830e+09 [-4.73, 84.49] [-4.53, 85.49] [-4.33, 86.49]
7.322170e+09 [-4.80, -118.55] [-4.60, -117.55] [-4.40, -116.55]
7.601795e+09 [-4.81, -38.54] [-4.61, -37.54] [-4.41, -36.54]
7.892099e+09 [-4.87, -38.76] [-4.67, -37.76] [-4.47, -36.76]
8.193489e+09 [-4.90, -121.28] [-4.70, -120.28] [-4.50, -119.28]
8.506389e+09 [-5.04, 69.80] [-4.84, 70.80] [-4.64, 71.80]
8.831239e+09 [-5.15, 173.17] [-4.95, 174.17] [-4.75, 175.17]
9.168493e+09 [-5.38, -177.11] [-5.18, -176.11] [-4.98, -175.11]
9.518628e+09 [-5.37, 97.51] [-5.17, 98.51] [-4.97, 99.51]
9.882133e+09 [-5.53, -87.03] [-5.33, -86.03] [-5.13, -85.03]
1.025952e+10 [-5.62, -14.67] [-5.42, -13.67] [-5.22, -12.67]
1.065132e+10 [-5.88, -50.78] [-5.68, -49.78] [-5.48, -48.78]
1.105808e+10 [-6.57, 160.47] [-6.37, 161.47] [-6.17, 162.47]
1.148038e+10 [-6.28, -100.36] [-6.08, -99.36] [-5.88, -98.36]
1.191880e+10 [-6.04, -123.09] [-5.84, -122.09] [-5.64, -121.09]
1.237396e+10 [-6.45, 88.41] [-6.25, 89.41] [-6.05, 90.41]
1.284651e+10 [-6.43, 170.82] [-6.23, 171.82] [-6.03, 172.82]
1.333711e+10 [-6.62, 118.80] [-6.42, 119.80] [-6.22, 120.80]
1.384643e+10 [-6.68, -73.36] [-6.48, -72.36] [-6.28, -71.36]
1.437521e+10 [-7.22, -55.05] [-7.02, -54.05] [-6.82, -53.05]
1.492419e+10 [-7.22, -178.46] [-7.02, -177.46] [-6.82, -176.46]
1.549412e+10 [-7.53, -104.61] [-7.33, -103.61] [-7.13, -102.61]
1.608583e+10 [-7.46, 166.36] [-7.26, 167.36] [-7.06, 168.36]
1.670013e+10 [-7.75, -92.18] [-7.55, -91.18] [-7.35, -90.18]
1.733789e+10 [-8.19, -168.92] [-7.99, -167.92] [-7.79, -166.92]
1.800000e+10 [-8.69, -67.12] [-8.49, -66.12] [-8.29, -65.12]
